        55	2026-04-01 00:00:05	1	1	1	0
       107	2026-04-01 00:00:40	1	1	1	0
        26	2026-04-01 00:00:45	1	1	1	0
         8	2026-04-01 00:00:53	1	1	1	0
       112	2026-04-01 00:00:56	1	1	1	0
        56	2026-04-01 00:01:36	1	1	1	0
        93	2026-04-01 00:04:12	1	1	1	0
       118	2026-04-01 00:04:41	1	1	1	0
       137	2026-04-01 00:05:04	1	1	1	0
        13	2026-04-01 05:56:02	1	1	1	0
         9	2026-04-01 06:05:22	1	1	15	0
       105	2026-04-01 06:15:55	1	1	1	0
        61	2026-04-01 06:16:01	1	1	1	0
        70	2026-04-01 07:48:16	1	0	1	0
        16	2026-04-01 07:58:37	1	0	1	0
        77	2026-04-01 08:02:06	1	0	1	0
        49	2026-04-01 08:06:12	1	0	1	0
        19	2026-04-01 08:27:23	1	0	1	0
       104	2026-04-01 09:54:45	1	0	1	0
        82	2026-04-01 11:56:23	1	0	1	0
       122	2026-04-01 12:02:54	1	0	1	0
        49	2026-04-01 12:14:49	1	0	1	0
        40	2026-04-01 13:54:40	1	0	1	0
        98	2026-04-01 13:58:17	1	0	1	0
        73	2026-04-01 14:29:21	1	0	1	0
        90	2026-04-01 14:31:17	1	0	1	0
        86	2026-04-01 14:41:09	1	0	1	0
       128	2026-04-01 14:50:00	1	0	1	0
       138	2026-04-01 14:52:58	1	0	1	0
       106	2026-04-01 15:01:22	1	0	1	0
        70	2026-04-01 15:06:13	1	1	1	0
         8	2026-04-01 15:06:23	1	1	1	0
       137	2026-04-01 15:07:52	1	1	1	0
        13	2026-04-01 15:08:51	1	1	1	0
        92	2026-04-01 15:11:00	1	1	1	0
        55	2026-04-01 15:11:03	1	1	1	0
        26	2026-04-01 15:11:07	1	1	1	0
       112	2026-04-01 15:11:15	1	1	1	0
       107	2026-04-01 15:11:19	1	1	1	0
        21	2026-04-01 15:11:46	1	0	1	0
        61	2026-04-01 15:17:33	1	0	1	0
       105	2026-04-01 15:17:35	1	0	1	0
         9	2026-04-01 15:25:09	1	0	15	0
        56	2026-04-01 15:58:22	1	0	1	0
        16	2026-04-01 15:59:32	1	0	1	0
        77	2026-04-01 16:02:04	1	1	1	0
        93	2026-04-01 16:12:38	1	1	1	0
       134	2026-04-01 16:21:40	1	1	1	0
       135	2026-04-01 16:26:25	1	1	1	0
       118	2026-04-01 16:27:41	1	1	1	0
        14	2026-04-01 16:40:57	1	1	1	0
        72	2026-04-01 16:44:09	1	0	1	0
       109	2026-04-01 16:53:54	1	0	1	0
        39	2026-04-01 16:56:20	1	0	1	0
       123	2026-04-01 16:59:23	1	0	1	0
        49	2026-04-01 16:59:46	1	0	1	0
        53	2026-04-01 17:08:02	1	0	15	0
         4	2026-04-01 17:23:46	1	0	1	0
         3	2026-04-01 17:40:31	1	0	1	0
       104	2026-04-01 18:06:16	1	1	1	0
       127	2026-04-01 18:25:27	1	1	1	0
       122	2026-04-01 20:06:07	1	1	1	0
       134	2026-04-01 20:25:18	1	1	1	0
       135	2026-04-01 20:25:21	1	1	1	0
        14	2026-04-01 20:33:14	1	1	1	0
        82	2026-04-01 20:33:33	1	1	1	0
       123	2026-04-01 21:00:04	1	1	1	0
       109	2026-04-01 21:00:20	1	1	1	0
        39	2026-04-01 21:04:34	1	1	1	0
        72	2026-04-01 21:20:53	1	1	1	0
        98	2026-04-01 22:04:05	1	1	1	0
        40	2026-04-01 22:10:49	1	1	1	0
       106	2026-04-01 22:57:42	1	1	1	0
       138	2026-04-01 22:58:49	1	1	1	0
        21	2026-04-01 22:59:41	1	1	1	0
        86	2026-04-01 23:00:51	1	1	1	0
       127	2026-04-01 23:01:41	1	1	1	0
       128	2026-04-01 23:14:28	1	1	1	0
        73	2026-04-01 23:16:00	1	1	1	0
        90	2026-04-01 23:37:21	1	1	1	0
        56	2026-04-01 23:53:26	1	1	1	0
        53	2026-04-01 23:58:45	1	1	1	0
        93	2026-04-01 23:59:02	1	1	1	0
        55	2026-04-01 23:59:59	1	1	1	0
       107	2026-04-02 00:00:06	1	1	1	0
       112	2026-04-02 00:00:11	1	1	1	0
        26	2026-04-02 00:00:21	1	1	1	0
        92	2026-04-02 00:00:27	1	1	1	0
       118	2026-04-02 00:01:01	1	1	1	0
       137	2026-04-02 00:01:07	1	1	1	0
         5	2026-04-02 00:01:41	1	1	1	0
        13	2026-04-02 05:59:34	1	1	1	0
         9	2026-04-02 06:06:52	1	1	1	0
       105	2026-04-02 06:25:30	1	1	1	0
        61	2026-04-02 06:25:33	1	1	1	0
        73	2026-04-02 07:45:21	1	0	1	0
        77	2026-04-02 07:59:40	1	0	1	0
        19	2026-04-02 08:08:52	1	0	1	0
        49	2026-04-02 09:05:04	1	0	1	0
       104	2026-04-02 09:54:53	1	0	1	0
       122	2026-04-02 11:47:11	1	0	1	0
        70	2026-04-02 11:55:12	1	0	1	0
        82	2026-04-02 11:56:32	1	0	1	0
        73	2026-04-02 12:02:23	1	1	1	0
        40	2026-04-02 12:02:48	1	0	1	0
       138	2026-04-02 12:52:46	1	0	1	0
        98	2026-04-02 13:59:12	1	0	1	0
        86	2026-04-02 14:41:08	1	0	1	0
        26	2026-04-02 15:02:38	1	0	1	0
        90	2026-04-02 15:07:36	1	0	1	0
         8	2026-04-02 15:07:59	1	0	1	0
       128	2026-04-02 15:08:35	1	0	1	0
       137	2026-04-02 15:08:49	1	0	1	0
       106	2026-04-02 15:10:27	1	0	1	0
        92	2026-04-02 15:14:26	1	0	1	0
        55	2026-04-02 15:14:36	1	0	1	0
       112	2026-04-02 15:14:58	1	0	1	0
       107	2026-04-02 15:15:01	1	0	1	0
        21	2026-04-02 15:18:26	1	0	1	0
         9	2026-04-02 15:21:37	1	0	15	0
       105	2026-04-02 15:25:03	1	0	1	0
        61	2026-04-02 15:25:06	1	0	1	0
        56	2026-04-02 15:56:32	1	0	1	0
        77	2026-04-02 15:59:52	1	0	1	0
       134	2026-04-02 16:14:49	1	1	1	0
        73	2026-04-02 16:18:49	1	0	1	0
         7	2026-04-02 16:30:15	1	0	1	0
       118	2026-04-02 16:31:38	1	0	1	0
       135	2026-04-02 16:31:50	1	0	1	0
        72	2026-04-02 16:45:14	1	0	1	0
        14	2026-04-02 16:49:19	1	0	1	0
        39	2026-04-02 16:53:27	1	0	1	0
       109	2026-04-02 16:58:07	1	0	1	0
        49	2026-04-02 17:00:33	1	1	1	0
        91	2026-04-02 17:05:24	1	0	1	0
         4	2026-04-02 17:14:00	1	0	1	0
        53	2026-04-02 17:26:08	1	0	15	0
         3	2026-04-02 17:40:07	1	0	1	0
       127	2026-04-02 17:43:37	1	0	1	0
       104	2026-04-02 18:05:36	1	1	1	0
         7	2026-04-02 19:13:53	1	1	1	0
       134	2026-04-02 20:25:25	1	1	1	0
       135	2026-04-02 20:25:30	1	1	1	0
        91	2026-04-02 20:43:21	1	1	1	0
        14	2026-04-02 20:53:06	1	1	1	0
       109	2026-04-02 20:57:49	1	1	1	0
        70	2026-04-02 21:02:05	1	1	1	0
        73	2026-04-02 21:05:12	1	1	1	0
       138	2026-04-02 21:07:48	1	1	1	0
        72	2026-04-02 21:27:06	1	1	1	0
        40	2026-04-02 21:27:37	1	1	1	0
        82	2026-04-02 21:36:51	1	1	1	0
        39	2026-04-02 21:43:36	1	1	1	0
        49	2026-04-02 21:47:20	1	1	1	0
        98	2026-04-02 22:01:07	1	1	1	0
       128	2026-04-02 22:13:03	1	1	1	0
        86	2026-04-02 23:00:04	1	1	1	0
       127	2026-04-02 23:10:00	1	1	1	0
        90	2026-04-02 23:13:41	1	1	1	0
       106	2026-04-02 23:34:34	1	1	1	0
       137	2026-04-02 23:47:07	1	1	1	0
        56	2026-04-02 23:57:41	1	1	1	0
        53	2026-04-02 23:59:56	1	1	15	0
        92	2026-04-03 00:00:10	1	1	1	0
       112	2026-04-03 00:02:46	1	1	1	0
       107	2026-04-03 00:02:58	1	1	1	0
        55	2026-04-03 00:03:04	1	1	1	0
         8	2026-04-03 00:03:18	1	1	1	0
        26	2026-04-03 00:03:20	1	1	1	0
        21	2026-04-03 00:08:59	1	1	1	0
        90	2026-04-03 00:09:01	1	1	1	0
        93	2026-04-03 00:34:56	1	1	1	0
        19	2026-04-03 09:20:57	1	1	1	0
        13	2026-04-03 15:00:08	1	1	1	0
       105	2026-04-03 15:29:02	1	1	1	0
        61	2026-04-03 15:29:05	1	1	1	0
        73	2026-04-03 15:39:17	1	0	1	0
        16	2026-04-03 15:54:41	1	0	1	0
        90	2026-04-03 16:04:28	1	0	1	0
        73	2026-04-03 21:26:26	1	1	1	0
        16	2026-04-03 21:58:44	1	1	1	0
        90	2026-04-03 23:54:53	1	1	1	0
       105	2026-04-03 23:57:11	1	1	1	0
        61	2026-04-03 23:57:16	1	1	1	0
         5	2026-04-04 00:04:48	1	1	1	0
        13	2026-04-04 00:15:45	1	1	15	0
         9	2026-04-04 05:59:08	1	1	1	0
         8	2026-04-04 06:17:01	1	1	1	0
        26	2026-04-04 06:33:20	1	1	1	0
        70	2026-04-04 07:56:15	1	0	1	0
        16	2026-04-04 07:56:24	1	0	1	0
        49	2026-04-04 08:08:58	1	0	1	0
        77	2026-04-04 08:16:08	1	0	1	0
        19	2026-04-04 08:42:33	1	0	1	0
       104	2026-04-04 09:55:27	1	0	1	0
        82	2026-04-04 11:57:45	1	0	1	0
       122	2026-04-04 11:57:54	1	0	1	0
        49	2026-04-04 12:02:10	1	0	1	0
        22	2026-04-04 12:25:11	1	0	1	0
        98	2026-04-04 13:41:05	1	0	1	0
        40	2026-04-04 13:54:03	1	0	1	0
        86	2026-04-04 14:33:22	1	0	1	0
       128	2026-04-04 14:51:03	1	0	1	0
       138	2026-04-04 14:51:28	1	0	1	0
        90	2026-04-04 14:52:54	1	0	1	0
       137	2026-04-04 15:06:35	1	0	1	0
        92	2026-04-04 15:06:56	1	0	1	0
         8	2026-04-04 15:07:04	1	0	1	0
        26	2026-04-04 15:07:12	1	0	1	0
       107	2026-04-04 15:07:28	1	0	1	0
       112	2026-04-04 15:07:31	1	0	1	0
       106	2026-04-04 15:09:31	1	0	1	0
        21	2026-04-04 15:19:12	1	0	1	0
         9	2026-04-04 15:38:04	1	0	15	0
        16	2026-04-04 16:00:59	1	0	1	0
        77	2026-04-04 16:01:44	1	1	1	0
        56	2026-04-04 16:03:14	1	1	1	0
       134	2026-04-04 16:05:27	1	1	1	0
        70	2026-04-04 16:10:08	1	1	1	0
       135	2026-04-04 16:26:34	1	0	1	0
        53	2026-04-04 16:31:22	1	0	15	0
       118	2026-04-04 16:39:45	1	0	1	0
        14	2026-04-04 16:43:36	1	0	1	0
        72	2026-04-04 16:53:19	1	0	1	0
         7	2026-04-04 16:58:33	1	0	1	0
       109	2026-04-04 16:59:10	1	0	1	0
        39	2026-04-04 17:00:27	1	0	1	0
        49	2026-04-04 17:01:41	1	0	1	0
         4	2026-04-04 17:04:39	1	0	1	0
       123	2026-04-04 17:04:54	1	0	1	0
        91	2026-04-04 17:13:42	1	0	1	0
         3	2026-04-04 17:42:14	1	0	1	0
       127	2026-04-04 17:51:16	1	0	1	0
       104	2026-04-04 18:04:42	1	1	1	0
        72	2026-04-04 19:11:17	1	1	1	0
       122	2026-04-04 20:06:59	1	1	1	0
       134	2026-04-04 20:26:40	1	1	1	0
       135	2026-04-04 20:26:48	1	1	1	0
        82	2026-04-04 20:33:48	1	1	1	0
        91	2026-04-04 20:39:56	1	1	1	0
       109	2026-04-04 21:00:02	1	1	1	0
       123	2026-04-04 21:00:30	1	1	1	0
        39	2026-04-04 21:03:12	1	1	1	0
        49	2026-04-04 21:04:19	1	1	1	0
        14	2026-04-04 21:04:28	1	1	1	0
        40	2026-04-04 21:58:25	1	1	1	0
        98	2026-04-04 22:00:09	1	1	1	0
       106	2026-04-04 22:57:15	1	1	1	0
        86	2026-04-04 23:01:17	1	1	1	0
       127	2026-04-04 23:01:24	1	1	1	0
       138	2026-04-04 23:08:35	1	1	1	0
        53	2026-04-04 23:33:28	1	1	1	0
       128	2026-04-04 23:33:44	1	1	1	0
        21	2026-04-04 23:46:11	1	1	1	0
        90	2026-04-04 23:48:38	1	1	1	0
        92	2026-04-04 23:48:55	1	1	1	0
        56	2026-04-04 23:56:50	1	1	1	0
        55	2026-04-04 23:59:27	1	1	1	0
       107	2026-04-04 23:59:55	1	1	1	0
       112	2026-04-04 23:59:58	1	1	1	0
         5	2026-04-05 00:03:59	1	1	1	0
       118	2026-04-05 00:04:24	1	1	1	0
        93	2026-04-05 00:04:53	1	1	1	0
       137	2026-04-05 00:05:15	1	1	1	0
        13	2026-04-05 05:53:57	1	1	1	0
         9	2026-04-05 06:08:14	1	1	1	0
       105	2026-04-05 06:10:22	1	1	1	0
         8	2026-04-05 06:15:34	1	1	1	0
        73	2026-04-05 07:55:34	1	0	1	0
        16	2026-04-05 07:57:12	1	0	1	0
        49	2026-04-05 08:05:18	1	0	1	0
        77	2026-04-05 08:11:56	1	0	1	0
        19	2026-04-05 08:45:49	1	0	1	0
       104	2026-04-05 09:55:48	1	0	1	0
        82	2026-04-05 11:58:34	1	0	1	0
        70	2026-04-05 11:58:43	1	0	1	0
        73	2026-04-05 12:01:35	1	1	1	0
       122	2026-04-05 12:15:31	1	0	1	0
        49	2026-04-05 12:24:17	1	0	1	0
        98	2026-04-05 13:56:40	1	0	1	0
        40	2026-04-05 13:58:47	1	0	1	0
        86	2026-04-05 14:34:13	1	0	1	0
        90	2026-04-05 14:34:48	1	0	1	0
       138	2026-04-05 14:49:10	1	0	1	0
       106	2026-04-05 14:51:27	1	0	1	0
       105	2026-04-05 14:55:44	1	0	1	0
       128	2026-04-05 15:00:50	1	0	1	0
        26	2026-04-05 15:03:06	1	0	1	0
       137	2026-04-05 15:06:12	1	0	1	0
        13	2026-04-05 15:14:02	1	0	1	0
        92	2026-04-05 15:14:31	1	0	1	0
        55	2026-04-05 15:14:35	1	0	1	0
       112	2026-04-05 15:14:38	1	0	1	0
       107	2026-04-05 15:14:40	1	0	1	0
        41	2026-04-05 15:19:52	1	0	1	0
         9	2026-04-05 15:21:57	1	0	15	0
        16	2026-04-05 15:57:34	1	0	1	0
       134	2026-04-05 16:00:21	1	0	1	0
        77	2026-04-05 16:01:38	1	1	1	0
        56	2026-04-05 16:01:47	1	1	1	0
        93	2026-04-05 16:07:09	1	1	1	0
       135	2026-04-05 16:26:25	1	0	1	0
        53	2026-04-05 16:31:39	1	0	15	0
        73	2026-04-05 16:42:12	1	0	1	0
         4	2026-04-05 16:42:25	1	0	1	0
        72	2026-04-05 16:46:43	1	0	1	0
        14	2026-04-05 16:47:03	1	0	1	0
       123	2026-04-05 16:50:20	1	0	1	0
        49	2026-04-05 16:51:53	1	0	1	0
       109	2026-04-05 16:56:23	1	0	1	0
        39	2026-04-05 16:57:19	1	0	1	0
         7	2026-04-05 17:15:00	1	0	1	0
        21	2026-04-05 17:33:34	1	0	1	0
       104	2026-04-05 18:02:48	1	1	1	0
       127	2026-04-05 18:11:56	1	1	1	0
        82	2026-04-05 20:03:18	1	1	1	0
       135	2026-04-05 20:26:36	1	1	1	0
       134	2026-04-05 20:26:39	1	1	1	0
       122	2026-04-05 20:36:27	1	1	1	0
        73	2026-04-05 20:56:25	1	1	1	0
        49	2026-04-05 20:59:49	1	1	1	0
       109	2026-04-05 21:00:29	1	1	1	0
       123	2026-04-05 21:00:54	1	1	1	0
        39	2026-04-05 21:06:20	1	1	1	0
        72	2026-04-05 21:08:02	1	1	1	0
        70	2026-04-05 21:20:55	1	1	1	0
        40	2026-04-05 21:51:48	1	1	1	0
        14	2026-04-05 22:07:54	1	1	1	0
        98	2026-04-05 22:12:17	1	1	1	0
        86	2026-04-05 23:01:21	1	1	1	0
       138	2026-04-05 23:01:47	1	1	1	0
       106	2026-04-05 23:02:18	1	1	1	0
       127	2026-04-05 23:02:23	1	1	1	0
        41	2026-04-05 23:04:00	1	1	1	0
        53	2026-04-05 23:16:57	1	1	15	0
        90	2026-04-05 23:32:00	1	1	1	0
        21	2026-04-05 23:32:14	1	1	1	0
       128	2026-04-05 23:38:19	1	1	1	0
        56	2026-04-05 23:50:59	1	1	1	0
        92	2026-04-05 23:55:29	1	1	1	0
        55	2026-04-05 23:55:36	1	1	1	0
         8	2026-04-05 23:55:46	1	1	1	0
        26	2026-04-05 23:55:48	1	1	1	0
       107	2026-04-05 23:55:53	1	1	1	0
       112	2026-04-05 23:55:55	1	1	1	0
         5	2026-04-06 00:00:18	1	1	1	0
       137	2026-04-06 00:00:53	1	1	1	0
        93	2026-04-06 00:01:16	1	1	1	0
         9	2026-04-06 06:09:52	1	1	15	0
        13	2026-04-06 06:10:17	1	1	1	0
        61	2026-04-06 06:14:11	1	1	1	0
       105	2026-04-06 06:14:20	1	1	1	0
        40	2026-04-06 07:13:32	1	0	1	0
        70	2026-04-06 07:57:02	1	0	1	0
        16	2026-04-06 07:59:41	1	0	1	0
        77	2026-04-06 08:07:20	1	0	1	0
        49	2026-04-06 08:11:55	1	0	1	0
        19	2026-04-06 09:16:38	1	0	1	0
       104	2026-04-06 10:00:16	1	0	1	0
        49	2026-04-06 11:26:00	1	0	1	0
       122	2026-04-06 11:54:38	1	0	1	0
        82	2026-04-06 11:59:24	1	0	1	0
        98	2026-04-06 14:04:54	1	0	1	0
        86	2026-04-06 14:31:13	1	0	1	0
        73	2026-04-06 14:36:31	1	0	1	0
       138	2026-04-06 14:48:21	1	0	1	0
        70	2026-04-06 15:00:28	1	1	1	0
        13	2026-04-06 15:03:54	1	1	1	0
       137	2026-04-06 15:04:49	1	1	1	0
       106	2026-04-06 15:08:37	1	1	1	0
         8	2026-04-06 15:09:29	1	1	1	0
        26	2026-04-06 15:09:33	1	1	1	0
       128	2026-04-06 15:09:43	1	1	1	0
        21	2026-04-06 15:10:30	1	0	1	0
         9	2026-04-06 15:12:32	1	0	15	0
       130	2026-04-06 15:15:16	1	0	1	0
       105	2026-04-06 15:16:43	1	0	1	0
        61	2026-04-06 15:16:45	1	0	1	0
        41	2026-04-06 15:18:20	1	0	1	0
        92	2026-04-06 15:26:55	1	0	1	0
        55	2026-04-06 15:26:58	1	0	1	0
       107	2026-04-06 15:27:01	1	0	1	0
        90	2026-04-06 15:41:31	1	0	1	0
        40	2026-04-06 15:48:12	1	1	1	0
        14	2026-04-06 15:49:52	1	1	1	0
        16	2026-04-06 15:59:05	1	1	1	0
        77	2026-04-06 15:59:12	1	1	1	0
        93	2026-04-06 16:12:06	1	1	1	0
       134	2026-04-06 16:14:56	1	1	1	0
        72	2026-04-06 16:22:13	1	0	1	0
       135	2026-04-06 16:22:22	1	0	1	0
        56	2026-04-06 16:32:05	1	0	1	0
        53	2026-04-06 16:38:50	1	0	15	0
        49	2026-04-06 16:47:01	1	0	1	0
         7	2026-04-06 16:54:27	1	0	1	0
       109	2026-04-06 16:57:08	1	0	1	0
        39	2026-04-06 16:57:17	1	0	1	0
         4	2026-04-06 16:58:28	1	0	1	0
       123	2026-04-06 17:00:19	1	0	1	0
         3	2026-04-06 17:13:38	1	0	1	0
       104	2026-04-06 18:03:48	1	0	1	0
       127	2026-04-06 18:28:29	1	1	1	0
         7	2026-04-06 18:55:21	1	1	1	0
       122	2026-04-06 19:29:13	1	1	1	0
        49	2026-04-06 19:44:06	1	1	1	0
       135	2026-04-06 20:25:05	1	1	1	0
       134	2026-04-06 20:25:11	1	1	1	0
        82	2026-04-06 20:26:43	1	1	1	0
       109	2026-04-06 20:58:53	1	1	1	0
       123	2026-04-06 21:00:09	1	1	1	0
        39	2026-04-06 21:05:15	1	1	1	0
        72	2026-04-06 21:54:26	1	1	1	0
        98	2026-04-06 22:06:07	1	1	1	0
        73	2026-04-06 22:42:52	1	1	1	0
        14	2026-04-06 22:46:01	1	1	1	0
       106	2026-04-06 22:53:19	1	1	1	0
       138	2026-04-06 22:59:48	1	1	1	0
        86	2026-04-06 23:00:59	1	1	1	0
        41	2026-04-06 23:02:01	1	1	1	0
       127	2026-04-06 23:02:11	1	1	1	0
        90	2026-04-06 23:02:19	1	1	1	0
        21	2026-04-06 23:04:33	1	1	1	0
       128	2026-04-06 23:07:51	1	1	1	0
        90	2026-04-06 23:41:06	1	1	1	0
        56	2026-04-06 23:52:13	1	1	1	0
        92	2026-04-06 23:56:08	1	1	1	0
        55	2026-04-06 23:56:12	1	1	1	0
       112	2026-04-06 23:56:14	1	1	1	0
         8	2026-04-06 23:56:18	1	1	1	0
        26	2026-04-06 23:56:21	1	1	1	0
       107	2026-04-06 23:56:23	1	1	1	0
        93	2026-04-07 00:01:09	1	1	1	0
         5	2026-04-07 00:01:34	1	1	1	0
       137	2026-04-07 00:05:50	1	1	1	0
         9	2026-04-07 05:54:00	1	1	15	0
        13	2026-04-07 05:56:13	1	1	1	0
        61	2026-04-07 06:11:21	1	1	1	0
       105	2026-04-07 06:11:26	1	1	1	0
        73	2026-04-07 07:49:01	1	0	1	0
        16	2026-04-07 07:56:50	1	0	1	0
        49	2026-04-07 08:38:01	1	0	1	0
        19	2026-04-07 09:08:16	1	0	1	0
       104	2026-04-07 09:59:57	1	0	1	0
        73	2026-04-07 11:57:42	1	1	1	0
       122	2026-04-07 11:57:53	1	0	1	0
        49	2026-04-07 11:58:03	1	1	1	0
        82	2026-04-07 11:59:19	1	1	1	0
        70	2026-04-07 11:59:29	1	0	1	0
        40	2026-04-07 13:51:44	1	0	1	0
        98	2026-04-07 14:20:28	1	0	1	0
        90	2026-04-07 14:22:05	1	0	1	0
        86	2026-04-07 14:34:52	1	0	1	0
       128	2026-04-07 14:42:20	1	0	1	0
       138	2026-04-07 14:47:09	1	0	1	0
       106	2026-04-07 15:03:39	1	0	1	0
       137	2026-04-07 15:04:10	1	0	1	0
         8	2026-04-07 15:12:19	1	0	1	0
        41	2026-04-07 15:14:03	1	0	1	0
        92	2026-04-07 15:15:21	1	0	1	0
        55	2026-04-07 15:15:23	1	0	1	0
       112	2026-04-07 15:15:31	1	0	1	0
       107	2026-04-07 15:15:41	1	0	1	0
        26	2026-04-07 15:18:59	1	0	1	0
       105	2026-04-07 15:19:56	1	0	1	0
        61	2026-04-07 15:19:59	1	0	1	0
        21	2026-04-07 15:25:43	1	0	1	0
        56	2026-04-07 15:32:40	1	0	1	0
         9	2026-04-07 15:45:48	1	0	15	0
        72	2026-04-07 15:59:52	1	0	1	0
        16	2026-04-07 16:00:21	1	0	1	0
       135	2026-04-07 16:00:42	1	0	1	0
        93	2026-04-07 16:04:53	1	0	1	0
        53	2026-04-07 16:25:12	1	0	15	0
       118	2026-04-07 16:26:43	1	0	1	0
        73	2026-04-07 16:29:17	1	0	1	0
       134	2026-04-07 16:30:24	1	0	1	0
         4	2026-04-07 16:37:25	1	0	1	0
        39	2026-04-07 16:47:30	1	0	1	0
        14	2026-04-07 16:52:55	1	0	1	0
       123	2026-04-07 17:08:51	1	0	1	0
       109	2026-04-07 17:13:18	1	0	1	0
       127	2026-04-07 17:31:13	1	0	1	0
         3	2026-04-07 17:32:56	1	0	1	0
       104	2026-04-07 18:07:19	1	1	1	0
       135	2026-04-07 20:18:28	1	1	1	0
       134	2026-04-07 20:19:43	1	1	1	0
        82	2026-04-07 20:21:53	1	1	1	0
       122	2026-04-07 20:26:02	1	1	1	0
        73	2026-04-07 20:36:33	1	1	1	0
        49	2026-04-07 20:45:15	1	1	1	0
       109	2026-04-07 21:00:05	1	1	1	0
       123	2026-04-07 21:00:20	1	1	1	0
        40	2026-04-07 21:04:01	1	1	1	0
        39	2026-04-07 21:05:48	1	1	1	0
        70	2026-04-07 21:07:10	1	1	1	0
        72	2026-04-07 21:10:44	1	1	1	0
        14	2026-04-07 21:15:36	1	1	1	0
        98	2026-04-07 21:56:11	1	1	1	0
       127	2026-04-07 22:58:19	1	1	1	0
        86	2026-04-07 23:00:34	1	1	1	0
       138	2026-04-07 23:03:10	1	1	1	0
       128	2026-04-07 23:06:08	1	1	1	0
        41	2026-04-07 23:07:02	1	1	1	0
        53	2026-04-07 23:34:02	1	1	15	0
        90	2026-04-07 23:38:30	1	1	1	0
        21	2026-04-07 23:41:44	1	1	1	0
        92	2026-04-07 23:54:09	1	1	1	0
        55	2026-04-07 23:54:11	1	1	1	0
        26	2026-04-07 23:54:24	1	1	1	0
       112	2026-04-07 23:54:28	1	1	1	0
       107	2026-04-07 23:54:33	1	1	1	0
        56	2026-04-07 23:57:39	1	1	1	0
        93	2026-04-08 00:17:25	1	1	1	0
       137	2026-04-08 00:17:50	1	1	1	0
         5	2026-04-08 00:17:55	1	1	1	0
       118	2026-04-08 00:19:01	1	1	1	0
        13	2026-04-08 05:54:19	1	1	1	0
         9	2026-04-08 05:54:50	1	1	15	0
        61	2026-04-08 06:14:49	1	1	1	0
       105	2026-04-08 06:14:59	1	1	1	0
        16	2026-04-08 07:58:07	1	1	1	0
        70	2026-04-08 08:01:00	1	0	1	0
        77	2026-04-08 08:09:16	1	0	1	0
        19	2026-04-08 08:45:18	1	0	1	0
        82	2026-04-08 11:59:33	1	0	1	0
       122	2026-04-08 12:00:14	1	0	1	0
        40	2026-04-08 13:54:23	1	0	1	0
        98	2026-04-08 14:15:16	1	0	1	0
        90	2026-04-08 14:25:26	1	0	1	0
        86	2026-04-08 14:35:27	1	0	1	0
       138	2026-04-08 14:49:35	1	0	1	0
       128	2026-04-08 14:55:36	1	0	1	0
        73	2026-04-08 14:56:04	1	0	1	0
       106	2026-04-08 15:02:49	1	0	1	0
       137	2026-04-08 15:04:49	1	0	1	0
        70	2026-04-08 15:06:59	1	1	1	0
       105	2026-04-08 15:08:34	1	1	1	0
        61	2026-04-08 15:08:41	1	1	1	0
        13	2026-04-08 15:09:00	1	1	1	0
         8	2026-04-08 15:10:11	1	1	1	0
        92	2026-04-08 15:15:11	1	1	1	0
        55	2026-04-08 15:15:16	1	1	1	0
       107	2026-04-08 15:15:36	1	1	1	0
       112	2026-04-08 15:15:38	1	1	1	0
        26	2026-04-08 15:26:20	1	1	1	0
        21	2026-04-08 15:30:56	1	0	1	0
         9	2026-04-08 15:37:01	1	0	15	0
       134	2026-04-08 15:48:40	1	0	1	0
        56	2026-04-08 15:53:56	1	0	1	0
        77	2026-04-08 15:58:27	1	1	1	0
        16	2026-04-08 15:59:41	1	1	1	0
        41	2026-04-08 16:00:14	1	0	1	0
        14	2026-04-08 16:00:53	1	0	1	0
       135	2026-04-08 16:03:30	1	0	1	0
        53	2026-04-08 16:18:27	1	0	15	0
        72	2026-04-08 16:19:27	1	0	1	0
         4	2026-04-08 16:20:28	1	0	1	0
        93	2026-04-08 16:22:28	1	0	1	0
       118	2026-04-08 16:37:55	1	0	1	0
        49	2026-04-08 16:45:15	1	0	1	0
        39	2026-04-08 16:53:45	1	0	1	0
       109	2026-04-08 16:56:57	1	0	1	0
         7	2026-04-08 17:02:04	1	0	1	0
       123	2026-04-08 17:07:24	1	0	1	0
         3	2026-04-08 17:33:35	1	0	1	0
       127	2026-04-08 18:37:11	1	0	1	0
        82	2026-04-08 20:04:00	1	1	1	0
       122	2026-04-08 20:26:24	1	1	1	0
       134	2026-04-08 20:28:55	1	1	1	0
       135	2026-04-08 20:28:59	1	1	1	0
        49	2026-04-08 20:49:13	1	1	1	0
        72	2026-04-08 21:00:07	1	1	1	0
         7	2026-04-08 21:02:59	1	1	1	0
       109	2026-04-08 21:03:10	1	1	1	0
       123	2026-04-08 21:03:13	1	1	1	0
        39	2026-04-08 21:06:29	1	1	1	0
        40	2026-04-08 21:46:05	1	1	1	0
        14	2026-04-08 21:52:08	1	1	1	0
        98	2026-04-08 22:00:02	1	1	1	0
        73	2026-04-08 22:40:53	1	1	1	0
       106	2026-04-08 23:00:04	1	1	1	0
        86	2026-04-08 23:00:37	1	1	1	0
        41	2026-04-08 23:01:23	1	1	1	0
       138	2026-04-08 23:03:18	1	1	1	0
       128	2026-04-08 23:08:41	1	1	1	0
       127	2026-04-08 23:08:51	1	1	1	0
        53	2026-04-08 23:27:17	1	1	15	0
        90	2026-04-08 23:39:07	1	1	1	0
        56	2026-04-08 23:52:01	1	1	1	0
        92	2026-04-08 23:54:18	1	1	1	0
        26	2026-04-08 23:57:16	1	1	1	0
        55	2026-04-08 23:57:18	1	1	1	0
       112	2026-04-08 23:57:20	1	1	1	0
         8	2026-04-08 23:57:24	1	1	1	0
       107	2026-04-08 23:57:27	1	1	1	0
         5	2026-04-08 23:59:00	1	1	1	0
        21	2026-04-08 23:59:50	1	1	1	0
        93	2026-04-09 00:01:40	1	1	1	0
       118	2026-04-09 00:05:10	1	1	1	0
       137	2026-04-09 00:05:24	1	1	1	0
        13	2026-04-09 05:56:55	1	1	1	0
         9	2026-04-09 05:57:20	1	1	15	0
        61	2026-04-09 06:17:31	1	1	1	0
       105	2026-04-09 06:17:38	1	1	1	0
        40	2026-04-09 07:45:16	1	0	1	0
        73	2026-04-09 07:50:17	1	0	1	0
        16	2026-04-09 07:58:47	1	0	1	0
        77	2026-04-09 08:06:26	1	0	1	0
        19	2026-04-09 09:02:46	1	0	1	0
       104	2026-04-09 09:55:51	1	0	1	0
        70	2026-04-09 11:40:44	1	0	1	0
       101	2026-04-09 11:40:52	1	0	1	0
        73	2026-04-09 11:49:57	1	1	1	0
       122	2026-04-09 11:52:16	1	0	1	0
        82	2026-04-09 11:58:49	1	0	1	0
        98	2026-04-09 14:08:51	1	0	1	0
        86	2026-04-09 14:34:56	1	0	1	0
       138	2026-04-09 14:51:00	1	0	1	0
       137	2026-04-09 15:01:55	1	0	1	0
       106	2026-04-09 15:05:16	1	0	1	0
         8	2026-04-09 15:07:02	1	0	1	0
        13	2026-04-09 15:07:52	1	0	1	0
       105	2026-04-09 15:16:23	1	0	1	0
        61	2026-04-09 15:16:27	1	0	1	0
        55	2026-04-09 15:21:08	1	0	1	0
       107	2026-04-09 15:21:16	1	0	1	0
       112	2026-04-09 15:21:21	1	0	1	0
        92	2026-04-09 15:21:31	1	0	1	0
        26	2026-04-09 15:27:37	1	0	1	0
        41	2026-04-09 15:42:22	1	0	1	0
        21	2026-04-09 15:46:02	1	0	1	0
        14	2026-04-09 15:46:13	1	0	1	0
         9	2026-04-09 15:46:36	1	0	15	0
        56	2026-04-09 15:53:16	1	0	1	0
        16	2026-04-09 15:58:46	1	0	1	0
        77	2026-04-09 16:00:02	1	1	1	0
       128	2026-04-09 16:02:16	1	1	1	0
        90	2026-04-09 16:12:14	1	1	1	0
        93	2026-04-09 16:15:36	1	1	1	0
        40	2026-04-09 16:16:28	1	1	1	0
       134	2026-04-09 16:24:38	1	0	1	0
       135	2026-04-09 16:28:04	1	0	1	0
        73	2026-04-09 16:28:12	1	0	1	0
       118	2026-04-09 16:32:11	1	0	1	0
        53	2026-04-09 16:36:19	1	0	15	0
        49	2026-04-09 16:42:02	1	0	1	0
        39	2026-04-09 16:55:33	1	0	1	0
         4	2026-04-09 16:55:43	1	0	1	0
        72	2026-04-09 16:55:49	1	0	1	0
       109	2026-04-09 17:00:38	1	0	1	0
         7	2026-04-09 17:07:02	1	0	1	0
         3	2026-04-09 17:27:20	1	0	1	0
       127	2026-04-09 17:38:53	1	0	1	0
       104	2026-04-09 18:20:18	1	1	1	0
       134	2026-04-09 20:29:29	1	1	1	0
       135	2026-04-09 20:29:32	1	1	1	0
        82	2026-04-09 20:30:32	1	1	1	0
       109	2026-04-09 20:59:59	1	1	1	0
        73	2026-04-09 21:00:09	1	1	1	0
        72	2026-04-09 21:03:04	1	1	1	0
       101	2026-04-09 21:04:46	1	1	1	0
        70	2026-04-09 21:04:54	1	1	1	0
        39	2026-04-09 21:08:02	1	1	1	0
        14	2026-04-09 21:09:28	1	1	1	0
        49	2026-04-09 21:28:45	1	1	1	0
        98	2026-04-09 22:07:19	1	1	1	0
       106	2026-04-09 22:57:09	1	1	1	0
       138	2026-04-09 22:59:45	1	1	1	0
        86	2026-04-09 23:01:44	1	1	1	0
        41	2026-04-09 23:02:03	1	1	1	0
       122	2026-04-09 23:07:39	1	1	1	0
       127	2026-04-09 23:07:53	1	1	1	0
       128	2026-04-09 23:12:31	1	1	1	0
        21	2026-04-09 23:20:10	1	1	1	0
        53	2026-04-09 23:24:19	1	1	15	0
        90	2026-04-09 23:47:19	1	1	1	0
        56	2026-04-09 23:51:16	1	1	1	0
       107	2026-04-10 00:00:20	1	1	1	0
       112	2026-04-10 00:00:25	1	1	1	0
         8	2026-04-10 00:00:35	1	1	1	0
        93	2026-04-10 00:04:52	1	1	1	0
       137	2026-04-10 00:08:22	1	1	1	0
        19	2026-04-10 08:48:11	1	1	1	0
        13	2026-04-10 15:01:15	1	1	15	0
       105	2026-04-10 15:37:58	1	1	1	0
        61	2026-04-10 15:38:00	1	1	1	0
       101	2026-04-10 15:57:20	1	0	1	0
        19	2026-04-10 16:46:02	1	0	1	0
        90	2026-04-10 16:51:18	1	0	1	0
       101	2026-04-10 22:32:50	1	1	1	0
        90	2026-04-10 23:31:28	1	1	1	0
       105	2026-04-10 23:58:37	1	1	1	0
        61	2026-04-10 23:58:39	1	1	1	0
         5	2026-04-11 00:07:23	1	1	1	0
        13	2026-04-11 00:08:17	1	1	1	0
         9	2026-04-11 05:51:13	1	1	1	0
        26	2026-04-11 06:48:45	1	1	1	0
        70	2026-04-11 08:00:45	1	0	1	0
       106	2026-04-11 08:04:38	1	0	1	0
        77	2026-04-11 08:08:38	1	0	1	0
        49	2026-04-11 08:09:29	1	0	1	0
        19	2026-04-11 08:47:43	1	0	1	0
       104	2026-04-11 09:57:44	1	0	1	0
        82	2026-04-11 11:59:01	1	0	1	0
       122	2026-04-11 12:03:32	1	0	1	0
        49	2026-04-11 12:09:13	1	0	1	0
        90	2026-04-11 12:58:54	1	0	1	0
        40	2026-04-11 13:54:50	1	0	1	0
        98	2026-04-11 14:04:46	1	0	1	0
        86	2026-04-11 14:32:42	1	0	1	0
       138	2026-04-11 14:32:50	1	0	1	0
        16	2026-04-11 14:54:57	1	0	1	0
       112	2026-04-11 14:58:36	1	0	1	0
       128	2026-04-11 15:01:23	1	0	1	0
        73	2026-04-11 15:01:44	1	0	1	0
        21	2026-04-11 15:03:18	1	0	1	0
       137	2026-04-11 15:03:30	1	0	1	0
       107	2026-04-11 15:08:53	1	0	1	0
        92	2026-04-11 15:09:13	1	0	1	0
         8	2026-04-11 15:12:13	1	0	1	0
        70	2026-04-11 15:13:25	1	1	1	0
       134	2026-04-11 15:13:33	1	0	1	0
        23	2026-04-11 15:26:08	1	0	1	0
         9	2026-04-11 15:35:35	1	0	1	0
        41	2026-04-11 15:44:42	1	0	1	0
        56	2026-04-11 15:50:52	1	0	1	0
        93	2026-04-11 15:53:39	1	0	1	0
       133	2026-04-11 15:59:51	1	0	1	0
        77	2026-04-11 16:01:01	1	1	1	0
       106	2026-04-11 16:06:52	1	1	1	0
        53	2026-04-11 16:28:55	1	1	15	0
       135	2026-04-11 16:30:04	1	0	1	0
        14	2026-04-11 16:34:03	1	0	1	0
        49	2026-04-11 16:46:41	1	0	1	0
         4	2026-04-11 16:51:26	1	0	1	0
        72	2026-04-11 16:53:20	1	0	1	0
         7	2026-04-11 16:58:10	1	0	1	0
       109	2026-04-11 16:59:02	1	0	1	0
        91	2026-04-11 16:59:20	1	0	1	0
        39	2026-04-11 17:00:15	1	0	1	0
       123	2026-04-11 17:00:41	1	0	1	0
         3	2026-04-11 17:19:46	1	0	1	0
       104	2026-04-11 18:12:31	1	1	1	0
       127	2026-04-11 18:39:01	1	0	1	0
        91	2026-04-11 19:58:42	1	0	1	0
        82	2026-04-11 20:00:41	1	1	1	0
       122	2026-04-11 20:23:36	1	1	1	0
         7	2026-04-11 20:26:25	1	1	1	0
       133	2026-04-11 20:56:50	1	1	1	0
       123	2026-04-11 21:00:29	1	1	1	0
       109	2026-04-11 21:02:47	1	1	1	0
        72	2026-04-11 21:03:26	1	1	1	0
        39	2026-04-11 21:03:38	1	1	1	0
        49	2026-04-11 21:03:46	1	1	1	0
       135	2026-04-11 21:30:40	1	1	1	0
       134	2026-04-11 21:30:43	1	1	1	0
        98	2026-04-11 21:57:28	1	1	1	0
        40	2026-04-11 21:59:42	1	1	1	0
        73	2026-04-11 22:58:00	1	1	1	0
        86	2026-04-11 23:00:49	1	1	1	0
        41	2026-04-11 23:01:29	1	1	1	0
        16	2026-04-11 23:02:40	1	1	1	0
       128	2026-04-11 23:02:52	1	1	1	0
       127	2026-04-11 23:02:56	1	1	1	0
        23	2026-04-11 23:04:50	1	1	1	0
        14	2026-04-11 23:08:09	1	1	1	0
       138	2026-04-11 23:09:52	1	1	1	0
        53	2026-04-11 23:28:38	1	1	15	0
        21	2026-04-11 23:33:55	1	1	1	0
        56	2026-04-11 23:50:34	1	1	1	0
       137	2026-04-11 23:59:22	1	1	1	0
        92	2026-04-11 23:59:48	1	1	1	0
        55	2026-04-12 00:00:07	1	1	1	0
       107	2026-04-12 00:00:20	1	1	1	0
         8	2026-04-12 00:00:23	1	1	1	0
        93	2026-04-12 00:01:09	1	1	1	0
       118	2026-04-12 00:01:12	1	1	1	0
         9	2026-04-12 05:50:00	1	1	15	0
        13	2026-04-12 05:53:43	1	1	15	0
        61	2026-04-12 06:09:59	1	1	1	0
       105	2026-04-12 06:10:07	1	1	1	0
        19	2026-04-12 07:37:10	1	1	1	0
        73	2026-04-12 07:46:37	1	0	1	0
        49	2026-04-12 08:04:20	1	0	1	0
       123	2026-04-12 08:04:52	1	0	1	0
       106	2026-04-12 08:09:14	1	0	1	0
       104	2026-04-12 09:59:55	1	0	1	0
        82	2026-04-12 11:56:33	1	0	1	0
       122	2026-04-12 11:58:37	1	0	1	0
       123	2026-04-12 12:00:18	1	0	1	0
        70	2026-04-12 12:04:56	1	0	1	0
       101	2026-04-12 12:05:02	1	0	1	0
        73	2026-04-12 12:08:06	1	1	1	0
        49	2026-04-12 12:17:07	1	1	1	0
        77	2026-04-12 12:19:22	1	0	1	0
        40	2026-04-12 13:54:12	1	0	1	0
        98	2026-04-12 14:04:55	1	0	1	0
        90	2026-04-12 14:17:50	1	0	1	0
        86	2026-04-12 14:38:05	1	0	1	0
       138	2026-04-12 14:52:30	1	0	1	0
        16	2026-04-12 14:57:36	1	0	1	0
       137	2026-04-12 14:58:15	1	0	1	0
        23	2026-04-12 15:03:13	1	0	1	0
       105	2026-04-12 15:03:19	1	0	1	0
        61	2026-04-12 15:03:22	1	0	1	0
        13	2026-04-12 15:04:15	1	0	15	0
       128	2026-04-12 15:05:13	1	0	1	0
         8	2026-04-12 15:15:06	1	0	1	0
        55	2026-04-12 15:15:29	1	0	1	0
       107	2026-04-12 15:16:15	1	0	1	0
        92	2026-04-12 15:16:17	1	0	1	0
       112	2026-04-12 15:16:22	1	0	1	0
        21	2026-04-12 15:20:16	1	0	1	0
         9	2026-04-12 15:30:33	1	0	15	0
        26	2026-04-12 15:34:06	1	0	1	0
        41	2026-04-12 15:34:40	1	0	1	0
        19	2026-04-12 15:36:37	1	0	1	0
        14	2026-04-12 15:39:37	1	0	1	0
        56	2026-04-12 15:47:25	1	0	1	0
       134	2026-04-12 15:57:44	1	0	1	0
       106	2026-04-12 16:06:07	1	0	1	0
        93	2026-04-12 16:06:38	1	0	1	0
       118	2026-04-12 16:28:53	1	0	1	0
       133	2026-04-12 16:29:51	1	0	1	0
       135	2026-04-12 16:29:54	1	0	1	0
        53	2026-04-12 16:30:53	1	0	15	0
        73	2026-04-12 16:33:51	1	0	1	0
         7	2026-04-12 16:50:30	1	0	1	0
        49	2026-04-12 16:56:12	1	0	1	0
        39	2026-04-12 16:57:16	1	0	1	0
        72	2026-04-12 16:57:52	1	0	1	0
        91	2026-04-12 16:59:24	1	0	1	0
         4	2026-04-12 17:02:02	1	0	1	0
         3	2026-04-12 17:14:18	1	0	1	0
       127	2026-04-12 17:58:33	1	0	1	0
       104	2026-04-12 18:05:50	1	1	1	0
       109	2026-04-12 18:35:37	1	1	1	0
        82	2026-04-12 19:59:09	1	1	1	0
        77	2026-04-12 20:03:01	1	1	1	0
         7	2026-04-12 20:11:14	1	1	1	0
       134	2026-04-12 20:29:58	1	1	1	0
       135	2026-04-12 20:30:01	1	1	1	0
       122	2026-04-12 20:31:23	1	1	1	0
       133	2026-04-12 20:40:25	1	1	1	0
        14	2026-04-12 20:40:33	1	1	1	0
       109	2026-04-12 21:00:24	1	1	1	0
        49	2026-04-12 21:02:10	1	1	1	0
        39	2026-04-12 21:03:14	1	1	1	0
        72	2026-04-12 21:04:10	1	1	1	0
        73	2026-04-12 21:04:59	1	1	1	0
        70	2026-04-12 21:27:29	1	1	1	0
        91	2026-04-12 21:49:35	1	1	1	0
        98	2026-04-12 21:58:10	1	1	1	0
        40	2026-04-12 22:05:16	1	1	1	0
        86	2026-04-12 23:01:23	1	1	1	0
        41	2026-04-12 23:04:44	1	1	1	0
        16	2026-04-12 23:05:26	1	1	1	0
        23	2026-04-12 23:05:48	1	1	1	0
       138	2026-04-12 23:06:38	1	1	1	0
       128	2026-04-12 23:08:42	1	1	1	0
       127	2026-04-12 23:16:14	1	1	1	0
        21	2026-04-12 23:26:34	1	1	1	0
        53	2026-04-12 23:33:07	1	1	15	0
        56	2026-04-12 23:51:44	1	1	1	0
        90	2026-04-12 23:52:24	1	1	1	0
        92	2026-04-12 23:57:48	1	1	1	0
        55	2026-04-12 23:59:33	1	1	1	0
       112	2026-04-12 23:59:41	1	1	1	0
        26	2026-04-12 23:59:55	1	1	1	0
         8	2026-04-13 00:00:05	1	1	1	0
       107	2026-04-13 00:00:08	1	1	1	0
        93	2026-04-13 00:00:46	1	1	1	0
       137	2026-04-13 00:02:02	1	1	1	0
       118	2026-04-13 00:02:36	1	1	1	0
        13	2026-04-13 05:59:35	1	1	1	0
         9	2026-04-13 06:00:42	1	1	15	0
       105	2026-04-13 06:22:40	1	1	1	0
        61	2026-04-13 06:22:44	1	1	1	0
        40	2026-04-13 07:30:17	1	0	1	0
        70	2026-04-13 08:00:01	1	0	1	0
       101	2026-04-13 08:00:04	1	0	1	0
        77	2026-04-13 08:02:46	1	0	1	0
        49	2026-04-13 08:05:09	1	0	1	0
        19	2026-04-13 09:06:27	1	0	1	0
       104	2026-04-13 10:01:55	1	0	1	0
        82	2026-04-13 11:56:35	1	0	1	0
       122	2026-04-13 11:58:07	1	0	1	0
        49	2026-04-13 12:06:31	1	0	1	0
        90	2026-04-13 14:12:49	1	0	1	0
        98	2026-04-13 14:14:52	1	0	1	0
        86	2026-04-13 14:30:10	1	0	1	0
        73	2026-04-13 14:44:25	1	0	1	0
        70	2026-04-13 14:53:01	1	1	1	0
       101	2026-04-13 14:53:03	1	1	1	0
        16	2026-04-13 14:56:55	1	1	1	0
       128	2026-04-13 15:00:32	1	1	1	0
       137	2026-04-13 15:01:04	1	1	1	0
        23	2026-04-13 15:01:23	1	1	1	0
       138	2026-04-13 15:02:55	1	1	1	0
        13	2026-04-13 15:04:21	1	1	1	0
        41	2026-04-13 15:05:06	1	0	1	0
       105	2026-04-13 15:08:43	1	0	1	0
        61	2026-04-13 15:08:45	1	0	1	0
         8	2026-04-13 15:16:42	1	0	1	0
        26	2026-04-13 15:16:46	1	0	1	0
       107	2026-04-13 15:16:55	1	0	1	0
        55	2026-04-13 15:16:58	1	0	1	0
        92	2026-04-13 15:17:03	1	0	1	0
       112	2026-04-13 15:17:09	1	0	1	0
        49	2026-04-13 15:18:08	1	0	1	0
       134	2026-04-13 15:27:33	1	0	1	0
        21	2026-04-13 15:31:04	1	0	1	0
         9	2026-04-13 15:35:33	1	0	15	0
        14	2026-04-13 15:38:23	1	0	1	0
        56	2026-04-13 15:51:45	1	0	1	0
        40	2026-04-13 15:58:41	1	1	1	0
        77	2026-04-13 16:01:22	1	1	1	0
        93	2026-04-13 16:09:21	1	1	1	0
       106	2026-04-13 16:14:24	1	1	1	0
       135	2026-04-13 16:23:31	1	0	1	0
       133	2026-04-13 16:29:44	1	0	1	0
        53	2026-04-13 16:33:50	1	0	15	0
        72	2026-04-13 16:41:45	1	0	1	0
       109	2026-04-13 16:43:41	1	0	1	0
       118	2026-04-13 16:45:05	1	0	1	0
        39	2026-04-13 16:50:33	1	0	1	0
         3	2026-04-13 16:55:20	1	0	1	0
         4	2026-04-13 16:59:43	1	0	1	0
         7	2026-04-13 17:02:20	1	0	1	0
        91	2026-04-13 17:08:12	1	0	1	0
       123	2026-04-13 17:09:38	1	0	1	0
       127	2026-04-13 18:02:11	1	0	1	0
       104	2026-04-13 18:05:55	1	1	1	0
        49	2026-04-13 19:48:54	1	1	1	0
       123	2026-04-13 20:00:24	1	1	1	0
       122	2026-04-13 20:11:05	1	1	1	0
       134	2026-04-13 20:26:02	1	1	1	0
       135	2026-04-13 20:31:53	1	1	1	0
       133	2026-04-13 20:35:16	1	1	1	0
        91	2026-04-13 20:40:51	1	1	1	0
        82	2026-04-13 20:45:48	1	1	1	0
       109	2026-04-13 20:57:12	1	1	1	0
        39	2026-04-13 21:12:24	1	1	1	0
        72	2026-04-13 21:29:57	1	1	1	0
        98	2026-04-13 21:58:10	1	1	1	0
        14	2026-04-13 22:42:13	1	1	1	0
        73	2026-04-13 22:47:56	1	1	1	0
        23	2026-04-13 22:58:44	1	1	1	0
       138	2026-04-13 22:59:47	1	1	1	0
       127	2026-04-13 23:01:00	1	1	1	0
        16	2026-04-13 23:01:26	1	1	1	0
        86	2026-04-13 23:05:29	1	1	1	0
        41	2026-04-13 23:07:00	1	1	1	0
       128	2026-04-13 23:09:23	1	1	1	0
        53	2026-04-13 23:20:15	1	1	1	0
        90	2026-04-13 23:26:30	1	1	1	0
        56	2026-04-13 23:51:03	1	1	1	0
        26	2026-04-13 23:57:26	1	1	1	0
         8	2026-04-13 23:57:30	1	1	1	0
       107	2026-04-13 23:57:32	1	1	1	0
       112	2026-04-13 23:57:38	1	1	1	0
        92	2026-04-13 23:57:40	1	1	1	0
        55	2026-04-13 23:57:42	1	1	1	0
        21	2026-04-14 00:02:09	1	1	1	0
         7	2026-04-14 00:03:22	1	1	1	0
        93	2026-04-14 00:12:01	1	1	1	0
       137	2026-04-14 00:12:53	1	1	1	0
         5	2026-04-14 00:14:01	1	1	1	0
       118	2026-04-14 00:15:02	1	1	1	0
         9	2026-04-14 06:01:54	1	1	1	0
        13	2026-04-14 06:06:14	1	1	1	0
       105	2026-04-14 06:20:16	1	1	1	0
        61	2026-04-14 06:20:19	1	1	1	0
        73	2026-04-14 07:46:05	1	0	1	0
        49	2026-04-14 07:56:38	1	0	1	0
        19	2026-04-14 07:57:46	1	0	1	0
        77	2026-04-14 08:06:17	1	0	1	0
       106	2026-04-14 08:07:42	1	0	1	0
       104	2026-04-14 09:56:04	1	0	1	0
       101	2026-04-14 11:49:54	1	0	1	0
        70	2026-04-14 11:50:00	1	0	1	0
        73	2026-04-14 11:53:01	1	1	1	0
        49	2026-04-14 11:54:09	1	1	1	0
        82	2026-04-14 11:57:14	1	0	1	0
       122	2026-04-14 11:59:20	1	0	1	0
        98	2026-04-14 13:24:42	1	0	1	0
        40	2026-04-14 13:50:56	1	0	1	0
        86	2026-04-14 14:32:05	1	0	1	0
       128	2026-04-14 14:54:09	1	0	1	0
       138	2026-04-14 14:54:51	1	0	1	0
        16	2026-04-14 14:55:18	1	0	1	0
       137	2026-04-14 15:00:48	1	0	1	0
       105	2026-04-14 15:01:52	1	0	1	0
        61	2026-04-14 15:01:55	1	0	1	0
        23	2026-04-14 15:05:10	1	0	1	0
        13	2026-04-14 15:10:57	1	0	1	0
        41	2026-04-14 15:11:16	1	0	1	0
        92	2026-04-14 15:12:31	1	0	1	0
        55	2026-04-14 15:12:34	1	0	1	0
       107	2026-04-14 15:12:42	1	0	1	0
       112	2026-04-14 15:12:48	1	0	1	0
         8	2026-04-14 15:18:54	1	0	1	0
        26	2026-04-14 15:43:16	1	0	1	0
         9	2026-04-14 15:46:09	1	0	15	0
        21	2026-04-14 15:47:25	1	0	1	0
        56	2026-04-14 15:53:40	1	0	1	0
        77	2026-04-14 16:02:34	1	1	1	0
       135	2026-04-14 16:06:33	1	0	1	0
       106	2026-04-14 16:08:40	1	0	1	0
        93	2026-04-14 16:14:35	1	0	1	0
       127	2026-04-14 16:19:26	1	0	1	0
        53	2026-04-14 16:22:03	1	0	15	0
        73	2026-04-14 16:23:37	1	0	1	0
       133	2026-04-14 16:26:44	1	0	1	0
        14	2026-04-14 16:43:34	1	0	1	0
        72	2026-04-14 16:45:41	1	0	1	0
        39	2026-04-14 16:53:52	1	0	1	0
        49	2026-04-14 16:55:16	1	0	1	0
       123	2026-04-14 16:59:54	1	0	1	0
         4	2026-04-14 17:04:34	1	0	1	0
         3	2026-04-14 17:07:36	1	0	1	0
         7	2026-04-14 17:08:36	1	0	1	0
       109	2026-04-14 17:09:16	1	0	1	0
        91	2026-04-14 17:11:17	1	0	1	0
       104	2026-04-14 19:04:24	1	1	1	0
         7	2026-04-14 19:46:53	1	1	1	0
       135	2026-04-14 20:12:57	1	1	1	0
       134	2026-04-14 20:13:01	1	1	1	0
        82	2026-04-14 20:22:55	1	1	1	0
        91	2026-04-14 20:26:03	1	1	1	0
       133	2026-04-14 20:37:52	1	1	1	0
       109	2026-04-14 20:48:49	1	1	1	0
        49	2026-04-14 20:59:05	1	1	1	0
        73	2026-04-14 21:03:32	1	1	1	0
       123	2026-04-14 21:03:44	1	1	1	0
        39	2026-04-14 21:07:45	1	1	1	0
        72	2026-04-14 21:08:07	1	1	1	0
        98	2026-04-14 21:08:22	1	1	1	0
        70	2026-04-14 21:21:00	1	1	1	0
       101	2026-04-14 21:23:13	1	1	1	0
       122	2026-04-14 21:36:27	1	1	1	0
       127	2026-04-14 21:36:31	1	1	1	0
        14	2026-04-14 21:49:16	1	1	1	0
        40	2026-04-14 21:55:41	1	1	1	0
        16	2026-04-14 22:58:40	1	1	1	0
        86	2026-04-14 23:00:32	1	1	1	0
        23	2026-04-14 23:00:54	1	1	1	0
       138	2026-04-14 23:01:08	1	1	1	0
        41	2026-04-14 23:06:07	1	1	1	0
       128	2026-04-14 23:16:47	1	1	1	0
        53	2026-04-14 23:28:15	1	1	15	0
        56	2026-04-14 23:49:48	1	1	1	0
        92	2026-04-15 00:01:28	1	1	1	0
        55	2026-04-15 00:01:31	1	1	1	0
       107	2026-04-15 00:02:14	1	1	1	0
        21	2026-04-15 00:02:31	1	1	1	0
       112	2026-04-15 00:06:19	1	1	1	0
         8	2026-04-15 00:06:58	1	1	1	0
        26	2026-04-15 00:07:00	1	1	1	0
       137	2026-04-15 00:11:14	1	1	1	0
         5	2026-04-15 00:13:19	1	1	1	0
        93	2026-04-15 00:17:05	1	1	1	0
        13	2026-04-15 06:03:03	1	1	1	0
         9	2026-04-15 06:07:22	1	1	15	0
       105	2026-04-15 06:14:29	1	1	1	0
        61	2026-04-15 06:14:32	1	1	1	0
       101	2026-04-15 07:56:18	1	0	1	0
        70	2026-04-15 08:00:44	1	0	1	0
        77	2026-04-15 08:07:04	1	0	1	0
       106	2026-04-15 08:13:39	1	0	1	0
        19	2026-04-15 08:53:07	1	0	1	0
        49	2026-04-15 09:40:10	1	0	1	0
       104	2026-04-15 09:57:41	1	0	1	0
        82	2026-04-15 11:55:29	1	0	1	0
       122	2026-04-15 12:00:05	1	0	1	0
        40	2026-04-15 13:55:04	1	0	1	0
        98	2026-04-15 14:07:52	1	0	1	0
        90	2026-04-15 14:12:10	1	0	1	0
       134	2026-04-15 14:22:37	1	0	1	0
        19	2026-04-15 14:25:46	1	0	1	0
        86	2026-04-15 14:30:26	1	0	1	0
       138	2026-04-15 14:52:20	1	0	1	0
       128	2026-04-15 14:57:17	1	0	1	0
        70	2026-04-15 14:58:13	1	1	1	0
       101	2026-04-15 14:58:21	1	1	1	0
        73	2026-04-15 14:59:39	1	0	1	0
        16	2026-04-15 15:02:50	1	0	1	0
       137	2026-04-15 15:03:39	1	0	1	0
        23	2026-04-15 15:04:20	1	0	1	0
        61	2026-04-15 15:04:29	1	0	1	0
       105	2026-04-15 15:04:34	1	0	1	0
        13	2026-04-15 15:12:37	1	0	1	0
        41	2026-04-15 15:14:25	1	0	1	0
        55	2026-04-15 15:15:12	1	0	1	0
        92	2026-04-15 15:15:15	1	0	1	0
       107	2026-04-15 15:15:18	1	0	1	0
       112	2026-04-15 15:15:45	1	0	1	0
         9	2026-04-15 15:24:59	1	0	15	0
        14	2026-04-15 15:25:31	1	0	1	0
        26	2026-04-15 15:27:16	1	0	1	0
        72	2026-04-15 15:51:54	1	0	1	0
        56	2026-04-15 15:55:01	1	0	1	0
       133	2026-04-15 15:55:15	1	0	1	0
       106	2026-04-15 16:00:34	1	0	1	0
        77	2026-04-15 16:03:38	1	1	1	0
        93	2026-04-15 16:18:47	1	1	1	0
       135	2026-04-15 16:20:45	1	0	1	0
        53	2026-04-15 16:23:11	1	0	15	0
        39	2026-04-15 16:55:24	1	0	1	0
       123	2026-04-15 16:56:33	1	0	1	0
         7	2026-04-15 16:56:59	1	0	1	0
        21	2026-04-15 17:00:39	1	0	1	0
        91	2026-04-15 17:02:22	1	0	1	0
         4	2026-04-15 17:17:03	1	0	1	0
         3	2026-04-15 17:32:21	1	0	1	0
       104	2026-04-15 18:03:21	1	1	1	0
       127	2026-04-15 18:43:00	1	1	1	0
        49	2026-04-15 19:41:09	1	1	1	0
       122	2026-04-15 20:06:48	1	1	1	0
        82	2026-04-15 20:24:29	1	1	1	0
        91	2026-04-15 20:27:22	1	1	1	0
       135	2026-04-15 20:37:17	1	1	1	0
       134	2026-04-15 20:37:20	1	1	1	0
       123	2026-04-15 20:59:08	1	1	1	0
        72	2026-04-15 21:01:03	1	1	1	0
        91	2026-04-15 21:09:42	1	1	1	0
        39	2026-04-15 21:12:10	1	1	1	0
       133	2026-04-15 21:19:13	1	1	1	0
        14	2026-04-15 21:22:34	1	1	1	0
        98	2026-04-15 22:02:40	1	1	1	0
        40	2026-04-15 22:03:42	1	1	1	0
        23	2026-04-15 22:58:56	1	1	1	0
       138	2026-04-15 22:59:41	1	1	1	0
        86	2026-04-15 22:59:50	1	1	1	0
        16	2026-04-15 23:00:00	1	1	1	0
       128	2026-04-15 23:00:49	1	1	1	0
       127	2026-04-15 23:00:53	1	1	1	0
        53	2026-04-15 23:01:10	1	1	15	0
        41	2026-04-15 23:02:24	1	1	1	0
        90	2026-04-15 23:31:22	1	1	1	0
        56	2026-04-15 23:52:29	1	1	1	0
        92	2026-04-15 23:54:44	1	1	1	0
         8	2026-04-16 00:00:57	1	1	1	0
       107	2026-04-16 00:01:00	1	1	1	0
        26	2026-04-16 00:01:10	1	1	1	0
       112	2026-04-16 00:01:12	1	1	1	0
       137	2026-04-16 00:02:36	1	1	1	0
        21	2026-04-16 00:05:08	1	1	1	0
        93	2026-04-16 00:06:24	1	1	1	0
         5	2026-04-16 00:06:28	1	1	1	0
       118	2026-04-16 00:11:16	1	1	1	0
        13	2026-04-16 05:58:37	1	1	1	0
         9	2026-04-16 06:04:02	1	1	1	0
        61	2026-04-16 06:18:17	1	1	1	0
       105	2026-04-16 06:18:24	1	1	1	0
        40	2026-04-16 07:37:45	1	0	1	0
        73	2026-04-16 08:00:36	1	0	1	0
        49	2026-04-16 08:07:01	1	0	1	0
        77	2026-04-16 08:08:59	1	0	1	0
        19	2026-04-16 08:41:35	1	0	1	0
       104	2026-04-16 09:54:21	1	0	1	0
        82	2026-04-16 11:58:18	1	0	1	0
       122	2026-04-16 11:59:49	1	0	1	0
       101	2026-04-16 12:00:47	1	0	1	0
        70	2026-04-16 12:00:53	1	0	1	0
        73	2026-04-16 12:01:01	1	1	1	0
        49	2026-04-16 12:15:49	1	1	1	0
        98	2026-04-16 14:13:43	1	0	1	0
         8	2026-04-16 14:35:02	1	0	1	0
        86	2026-04-16 14:40:20	1	0	1	0
       128	2026-04-16 14:46:38	1	0	1	0
       138	2026-04-16 14:52:23	1	0	1	0
        16	2026-04-16 14:56:20	1	0	1	0
        41	2026-04-16 14:57:58	1	0	1	0
       134	2026-04-16 14:59:34	1	0	1	0
       137	2026-04-16 15:02:34	1	0	1	0
        23	2026-04-16 15:06:15	1	0	1	0
       105	2026-04-16 15:11:12	1	0	1	0
        61	2026-04-16 15:13:22	1	0	1	0
        13	2026-04-16 15:16:07	1	0	1	0
        92	2026-04-16 15:19:37	1	0	1	0
       112	2026-04-16 15:19:46	1	0	1	0
       107	2026-04-16 15:19:49	1	0	1	0
         9	2026-04-16 15:22:00	1	0	15	0
        26	2026-04-16 15:33:46	1	0	1	0
        21	2026-04-16 15:40:35	1	0	1	0
         5	2026-04-16 15:40:52	1	0	1	0
        56	2026-04-16 15:51:42	1	0	1	0
        90	2026-04-16 15:55:13	1	0	1	0
        77	2026-04-16 16:01:13	1	1	1	0
        40	2026-04-16 16:02:49	1	1	1	0
        93	2026-04-16 16:05:41	1	1	1	0
        73	2026-04-16 16:08:38	1	0	1	0
        19	2026-04-16 16:11:25	1	0	1	0
       135	2026-04-16 16:26:03	1	0	1	0
        53	2026-04-16 16:26:14	1	0	15	0
       133	2026-04-16 16:35:42	1	0	1	0
       109	2026-04-16 16:58:02	1	0	1	0
        49	2026-04-16 17:00:52	1	0	1	0
        39	2026-04-16 17:01:04	1	0	1	0
        91	2026-04-16 17:03:08	1	0	1	0
        14	2026-04-16 17:03:28	1	0	1	0
        72	2026-04-16 17:04:10	1	0	1	0
         7	2026-04-16 17:11:01	1	0	1	0
         4	2026-04-16 17:20:23	1	0	1	0
         3	2026-04-16 17:42:31	1	0	1	0
       127	2026-04-16 18:06:02	1	0	1	0
       104	2026-04-16 18:10:49	1	1	1	0
        82	2026-04-16 20:04:27	1	1	1	0
       135	2026-04-16 20:26:47	1	1	1	0
       134	2026-04-16 20:28:45	1	1	1	0
        91	2026-04-16 20:50:04	1	1	1	0
       109	2026-04-16 20:50:22	1	1	1	0
       133	2026-04-16 20:51:29	1	1	1	0
        72	2026-04-16 21:01:31	1	1	1	0
        49	2026-04-16 21:03:00	1	1	1	0
       127	2026-04-16 21:06:32	1	1	1	0
       122	2026-04-16 21:07:13	1	1	1	0
        39	2026-04-16 21:08:38	1	1	1	0
        70	2026-04-16 21:10:47	1	1	1	0
       101	2026-04-16 21:11:01	1	1	1	0
        73	2026-04-16 21:21:55	1	1	1	0
        53	2026-04-16 21:39:18	1	1	15	0
        98	2026-04-16 22:00:16	1	1	1	0
        16	2026-04-16 22:57:58	1	1	1	0
        23	2026-04-16 22:58:22	1	1	1	0
        14	2026-04-16 22:58:59	1	1	1	0
       128	2026-04-16 22:59:12	1	1	1	0
       138	2026-04-16 23:00:57	1	1	1	0
        41	2026-04-16 23:01:19	1	1	1	0
        21	2026-04-16 23:03:32	1	1	1	0
        90	2026-04-16 23:26:02	1	1	1	0
        86	2026-04-16 23:36:28	1	1	1	0
        56	2026-04-16 23:52:43	1	1	1	0
        92	2026-04-16 23:55:19	1	1	1	0
       107	2026-04-16 23:58:49	1	1	1	0
         8	2026-04-16 23:58:59	1	1	1	0
        26	2026-04-16 23:59:07	1	1	1	0
       112	2026-04-16 23:59:39	1	1	1	0
         5	2026-04-17 00:02:30	1	1	1	0
       118	2026-04-17 00:05:13	1	1	1	0
        93	2026-04-17 00:05:28	1	1	1	0
       137	2026-04-17 00:08:54	1	1	1	0
        19	2026-04-17 09:08:07	1	1	1	0
        13	2026-04-17 15:02:06	1	1	1	0
       101	2026-04-17 15:17:56	1	0	1	0
       105	2026-04-17 15:29:32	1	0	1	0
        61	2026-04-17 15:29:39	1	0	1	0
       106	2026-04-17 16:08:32	1	0	1	0
         5	2026-04-17 16:11:47	1	0	1	0
        19	2026-04-17 16:14:23	1	0	1	0
        90	2026-04-17 16:29:19	1	0	1	0
         4	2026-04-17 19:16:12	1	0	1	0
       101	2026-04-17 21:55:50	1	1	1	0
       106	2026-04-17 23:03:11	1	1	1	0
        90	2026-04-17 23:36:53	1	1	1	0
       118	2026-04-18 00:06:48	1	1	1	0
         5	2026-04-18 00:06:56	1	1	1	0
        61	2026-04-18 00:10:19	1	1	1	0
       105	2026-04-18 00:10:30	1	1	1	0
        13	2026-04-18 00:14:42	1	1	1	0
         9	2026-04-18 06:01:07	1	1	1	0
         8	2026-04-18 06:13:40	1	1	1	0
        26	2026-04-18 06:13:43	1	1	1	0
       128	2026-04-18 07:59:32	1	1	1	0
        49	2026-04-18 08:06:08	1	1	1	0
       106	2026-04-18 08:07:03	1	1	1	0
        19	2026-04-18 08:25:01	1	1	1	0
       104	2026-04-18 10:10:17	1	1	1	0
        82	2026-04-18 11:57:24	1	0	1	0
        73	2026-04-18 11:59:18	1	0	1	0
       122	2026-04-18 11:59:44	1	0	1	0
        49	2026-04-18 12:24:54	1	0	1	0
        90	2026-04-18 12:43:53	1	0	1	0
        40	2026-04-18 14:00:30	1	0	1	0
        98	2026-04-18 14:08:48	1	0	1	0
        86	2026-04-18 14:26:08	1	0	1	0
       138	2026-04-18 14:52:35	1	0	1	0
        41	2026-04-18 14:56:53	1	0	1	0
        16	2026-04-18 14:58:55	1	0	1	0
       137	2026-04-18 15:01:27	1	0	1	0
        13	2026-04-18 15:01:33	1	0	1	0
        77	2026-04-18 15:06:27	1	0	1	0
        23	2026-04-18 15:14:51	1	0	1	0
         8	2026-04-18 15:17:36	1	0	1	0
        26	2026-04-18 15:18:07	1	0	1	0
       107	2026-04-18 15:22:55	1	0	1	0
       134	2026-04-18 15:23:04	1	0	1	0
        92	2026-04-18 15:23:29	1	0	1	0
         9	2026-04-18 15:33:40	1	0	15	0
        56	2026-04-18 15:48:58	1	0	1	0
       118	2026-04-18 15:52:34	1	0	1	0
        14	2026-04-18 16:06:43	1	0	1	0
       135	2026-04-18 16:13:54	1	0	1	0
        93	2026-04-18 16:18:15	1	0	1	0
       106	2026-04-18 16:20:56	1	0	1	0
       128	2026-04-18 16:26:38	1	0	1	0
       133	2026-04-18 16:27:56	1	0	1	0
        21	2026-04-18 16:52:42	1	0	1	0
        49	2026-04-18 16:53:57	1	0	1	0
        72	2026-04-18 16:56:21	1	0	1	0
        39	2026-04-18 16:58:18	1	0	1	0
         4	2026-04-18 16:58:26	1	0	1	0
       123	2026-04-18 16:59:36	1	0	1	0
        91	2026-04-18 17:01:58	1	0	1	0
       109	2026-04-18 17:02:13	1	0	1	0
         3	2026-04-18 17:18:55	1	0	1	0
         7	2026-04-18 17:26:21	1	0	1	0
       104	2026-04-18 18:10:25	1	1	1	0
        77	2026-04-18 18:36:08	1	1	1	0
       127	2026-04-18 18:37:22	1	0	1	0
         7	2026-04-18 19:18:45	1	0	1	0
        73	2026-04-18 19:46:57	1	1	1	0
        77	2026-04-18 20:02:47	1	0	1	0
        82	2026-04-18 20:11:49	1	1	1	0
       122	2026-04-18 20:38:11	1	1	1	0
       135	2026-04-18 20:45:04	1	1	1	0
       134	2026-04-18 20:45:08	1	1	1	0
       133	2026-04-18 20:45:45	1	1	1	0
        91	2026-04-18 21:00:04	1	1	1	0
        72	2026-04-18 21:00:07	1	1	1	0
       123	2026-04-18 21:01:22	1	1	1	0
        49	2026-04-18 21:01:47	1	1	1	0
       109	2026-04-18 21:04:05	1	1	1	0
        39	2026-04-18 21:08:13	1	1	1	0
        98	2026-04-18 22:04:53	1	1	1	0
        40	2026-04-18 22:05:11	1	1	1	0
        16	2026-04-18 22:58:33	1	1	1	0
       138	2026-04-18 22:59:10	1	1	1	0
        23	2026-04-18 22:59:16	1	1	1	0
        86	2026-04-18 23:01:19	1	1	1	0
        21	2026-04-18 23:02:53	1	1	1	0
        77	2026-04-18 23:04:11	1	1	1	0
       127	2026-04-18 23:04:15	1	1	1	0
        90	2026-04-18 23:40:49	1	1	1	0
        14	2026-04-18 23:41:13	1	1	1	0
        56	2026-04-18 23:50:15	1	1	1	0
       137	2026-04-18 23:56:36	1	1	1	0
        93	2026-04-18 23:59:41	1	1	1	0
         5	2026-04-19 00:00:32	1	1	1	0
        13	2026-04-19 00:03:03	1	1	1	0
        92	2026-04-19 00:03:53	1	1	1	0
        55	2026-04-19 00:04:39	1	1	1	0
       107	2026-04-19 00:04:41	1	1	1	0
       112	2026-04-19 00:04:51	1	1	1	0
         9	2026-04-19 06:00:27	1	1	1	0
        13	2026-04-19 06:01:34	1	1	1	0
        61	2026-04-19 06:02:15	1	1	1	0
       105	2026-04-19 06:02:18	1	1	1	0
       128	2026-04-19 07:06:08	1	1	1	0
       106	2026-04-19 08:00:56	1	1	1	0
        73	2026-04-19 08:03:15	1	0	1	0
        49	2026-04-19 08:08:41	1	0	1	0
        19	2026-04-19 08:19:36	1	0	1	0
       104	2026-04-19 09:54:54	1	0	1	0
        82	2026-04-19 11:56:29	1	0	1	0
       122	2026-04-19 11:57:33	1	0	1	0
        49	2026-04-19 12:00:29	1	0	1	0
        70	2026-04-19 12:05:20	1	0	1	0
       101	2026-04-19 12:05:29	1	0	1	0
        73	2026-04-19 12:08:19	1	1	1	0
        40	2026-04-19 13:58:32	1	0	1	0
        98	2026-04-19 14:05:36	1	0	1	0
        86	2026-04-19 14:37:28	1	0	1	0
        77	2026-04-19 14:41:41	1	0	1	0
       138	2026-04-19 14:54:12	1	0	1	0
        16	2026-04-19 14:58:16	1	0	1	0
         9	2026-04-19 15:04:10	1	0	15	0
       105	2026-04-19 15:06:59	1	0	1	0
        61	2026-04-19 15:07:01	1	0	1	0
       137	2026-04-19 15:07:59	1	0	1	0
        23	2026-04-19 15:11:53	1	0	1	0
         8	2026-04-19 15:12:31	1	0	1	0
        55	2026-04-19 15:15:56	1	0	1	0
       107	2026-04-19 15:15:58	1	0	1	0
        92	2026-04-19 15:16:04	1	0	1	0
       112	2026-04-19 15:16:07	1	0	1	0
        21	2026-04-19 15:24:03	1	0	1	0
        26	2026-04-19 15:26:13	1	0	1	0
        56	2026-04-19 15:45:52	1	0	1	0
        90	2026-04-19 16:05:39	1	0	1	0
        14	2026-04-19 16:06:05	1	0	1	0
       106	2026-04-19 16:08:59	1	0	1	0
       128	2026-04-19 16:09:57	1	0	1	0
        93	2026-04-19 16:20:02	1	0	1	0
       135	2026-04-19 16:20:30	1	0	1	0
        53	2026-04-19 16:31:33	1	0	15	0
       133	2026-04-19 16:33:03	1	0	1	0
       134	2026-04-19 16:41:57	1	0	1	0
        91	2026-04-19 16:46:48	1	0	1	0
        49	2026-04-19 16:52:52	1	0	1	0
        39	2026-04-19 16:53:41	1	0	1	0
       109	2026-04-19 16:54:26	1	0	1	0
        73	2026-04-19 16:57:26	1	0	1	0
        72	2026-04-19 16:59:35	1	0	1	0
         7	2026-04-19 17:04:41	1	0	1	0
       123	2026-04-19 17:06:59	1	0	1	0
         4	2026-04-19 17:17:18	1	0	1	0
       118	2026-04-19 17:36:08	1	0	1	0
       104	2026-04-19 18:01:14	1	1	1	0
       127	2026-04-19 18:33:49	1	0	1	0
        91	2026-04-19 18:34:50	1	0	1	0
       122	2026-04-19 20:17:49	1	1	1	0
       135	2026-04-19 20:33:52	1	1	1	0
       133	2026-04-19 20:34:11	1	1	1	0
        82	2026-04-19 20:42:40	1	1	1	0
       109	2026-04-19 20:52:58	1	1	1	0
        73	2026-04-19 20:53:56	1	1	1	0
        49	2026-04-19 20:55:11	1	1	1	0
       123	2026-04-19 21:00:17	1	1	1	0
       101	2026-04-19 21:00:39	1	1	1	0
        70	2026-04-19 21:00:46	1	1	1	0
        39	2026-04-19 21:02:08	1	1	1	0
        72	2026-04-19 21:07:30	1	1	1	0
        14	2026-04-19 21:19:43	1	1	1	0
       134	2026-04-19 21:37:04	1	1	1	0
        98	2026-04-19 21:58:05	1	1	1	0
        40	2026-04-19 22:08:35	1	1	1	0
        23	2026-04-19 22:58:46	1	1	1	0
        16	2026-04-19 22:59:00	1	1	1	0
       138	2026-04-19 23:00:10	1	1	1	0
        77	2026-04-19 23:00:23	1	1	1	0
       127	2026-04-19 23:00:27	1	1	1	0
        86	2026-04-19 23:00:37	1	1	1	0
        21	2026-04-19 23:03:54	1	1	1	0
        53	2026-04-19 23:22:16	1	1	15	0
        90	2026-04-19 23:40:54	1	1	1	0
        56	2026-04-19 23:52:19	1	1	1	0
        93	2026-04-19 23:58:28	1	1	1	0
       137	2026-04-19 23:58:39	1	1	1	0
        92	2026-04-19 23:59:51	1	1	1	0
        55	2026-04-19 23:59:59	1	1	1	0
       107	2026-04-20 00:00:07	1	1	1	0
       112	2026-04-20 00:00:13	1	1	1	0
         8	2026-04-20 00:00:43	1	1	1	0
        26	2026-04-20 00:00:46	1	1	1	0
         9	2026-04-20 05:55:01	1	1	15	0
        13	2026-04-20 06:01:47	1	1	1	0
        61	2026-04-20 06:04:12	1	1	1	0
       105	2026-04-20 06:04:14	1	1	1	0
       128	2026-04-20 07:05:04	1	1	1	0
        40	2026-04-20 07:27:18	1	0	1	0
       106	2026-04-20 07:55:11	1	0	1	0
        49	2026-04-20 08:02:15	1	0	1	0
       101	2026-04-20 08:06:57	1	0	1	0
        70	2026-04-20 08:07:10	1	0	1	0
        19	2026-04-20 08:14:31	1	0	1	0
       104	2026-04-20 10:06:14	1	0	1	0
        82	2026-04-20 11:57:00	1	0	1	0
       122	2026-04-20 11:58:16	1	0	1	0
        49	2026-04-20 12:02:00	1	0	1	0
        98	2026-04-20 14:10:18	1	0	1	0
        86	2026-04-20 14:35:48	1	0	1	0
        73	2026-04-20 14:37:33	1	0	1	0
        77	2026-04-20 14:53:42	1	0	1	0
        16	2026-04-20 14:58:34	1	0	1	0
        70	2026-04-20 15:03:23	1	1	1	0
       101	2026-04-20 15:03:31	1	1	1	0
       137	2026-04-20 15:05:03	1	1	1	0
       138	2026-04-20 15:05:36	1	1	1	0
        23	2026-04-20 15:06:10	1	1	1	0
        13	2026-04-20 15:09:34	1	1	1	0
        61	2026-04-20 15:10:26	1	1	1	0
         8	2026-04-20 15:14:36	1	1	1	0
        26	2026-04-20 15:14:40	1	1	1	0
        41	2026-04-20 15:23:34	1	0	1	0
        90	2026-04-20 15:25:02	1	0	1	0
       134	2026-04-20 15:42:39	1	0	1	0
        56	2026-04-20 15:50:07	1	0	1	0
        19	2026-04-20 15:51:38	1	0	1	0
        21	2026-04-20 15:53:59	1	0	1	0
       106	2026-04-20 16:04:21	1	0	1	0
        40	2026-04-20 16:05:11	1	1	1	0
       128	2026-04-20 16:11:48	1	1	1	0
       133	2026-04-20 16:18:06	1	1	1	0
        53	2026-04-20 16:21:57	1	1	15	0
         9	2026-04-20 16:23:45	1	1	15	0
       135	2026-04-20 16:25:19	1	0	1	0
        49	2026-04-20 16:26:16	1	0	1	0
        39	2026-04-20 16:53:50	1	0	1	0
       123	2026-04-20 16:57:41	1	0	1	0
        72	2026-04-20 16:58:02	1	0	1	0
        14	2026-04-20 17:02:59	1	0	1	0
        91	2026-04-20 17:05:50	1	0	1	0
       109	2026-04-20 17:24:22	1	0	1	0
         4	2026-04-20 17:34:23	1	0	1	0
         3	2026-04-20 17:34:49	1	0	1	0
       104	2026-04-20 18:03:26	1	1	1	0
       127	2026-04-20 18:39:30	1	0	1	0
        82	2026-04-20 20:08:39	1	1	1	0
       135	2026-04-20 20:27:13	1	1	1	0
       122	2026-04-20 20:30:07	1	1	1	0
        91	2026-04-20 20:53:44	1	1	1	0
       109	2026-04-20 20:59:08	1	1	1	0
       123	2026-04-20 21:00:14	1	1	1	0
        39	2026-04-20 21:02:39	1	1	1	0
       133	2026-04-20 21:02:47	1	1	1	0
        72	2026-04-20 21:05:35	1	1	1	0
        98	2026-04-20 22:00:53	1	1	1	0
        49	2026-04-20 22:18:44	1	1	1	0
        16	2026-04-20 22:57:34	1	1	1	0
        77	2026-04-20 22:58:47	1	1	1	0
       127	2026-04-20 22:58:52	1	1	1	0
        23	2026-04-20 22:58:56	1	1	1	0
        73	2026-04-20 23:00:39	1	1	1	0
        86	2026-04-20 23:00:44	1	1	1	0
       138	2026-04-20 23:02:03	1	1	1	0
        21	2026-04-20 23:04:17	1	1	1	0
        90	2026-04-20 23:04:20	1	1	1	0
        41	2026-04-20 23:04:24	1	1	1	0
        53	2026-04-20 23:14:53	1	1	15	0
       105	2026-04-20 23:44:47	1	1	1	0
        56	2026-04-20 23:52:03	1	1	1	0
       134	2026-04-20 23:53:18	1	1	1	0
        14	2026-04-20 23:53:23	1	1	1	0
        92	2026-04-20 23:58:10	1	1	1	0
        93	2026-04-20 23:58:32	1	1	1	0
       107	2026-04-20 23:59:10	1	1	1	0
       137	2026-04-20 23:59:59	1	1	1	0
       112	2026-04-21 00:00:16	1	1	1	0
        26	2026-04-21 00:00:42	1	1	1	0
         8	2026-04-21 00:00:55	1	1	1	0
        93	2026-04-21 00:02:37	1	1	1	0
        13	2026-04-21 06:23:21	1	1	1	0
         9	2026-04-21 06:31:26	1	1	15	0
       105	2026-04-21 07:04:57	1	1	1	0
        61	2026-04-21 07:05:01	1	1	1	0
        49	2026-04-21 07:15:13	1	1	1	0
       128	2026-04-21 07:59:59	1	1	1	0
        73	2026-04-21 08:10:05	1	0	1	0
        19	2026-04-21 08:13:44	1	0	1	0
       106	2026-04-21 08:14:51	1	0	1	0
       104	2026-04-21 09:59:38	1	0	1	0
        82	2026-04-21 11:55:43	1	0	1	0
       122	2026-04-21 12:02:02	1	0	1	0
        70	2026-04-21 12:08:18	1	0	1	0
        73	2026-04-21 12:09:30	1	1	1	0
        40	2026-04-21 13:56:45	1	0	1	0
        98	2026-04-21 14:10:14	1	0	1	0
        77	2026-04-21 14:53:09	1	0	1	0
        16	2026-04-21 14:58:59	1	0	1	0
       101	2026-04-21 14:59:42	1	0	1	0
       138	2026-04-21 15:00:56	1	0	1	0
       105	2026-04-21 15:01:31	1	0	1	0
        61	2026-04-21 15:01:33	1	0	1	0
        23	2026-04-21 15:04:20	1	0	1	0
        13	2026-04-21 15:09:39	1	0	1	0
        92	2026-04-21 15:10:31	1	0	1	0
       107	2026-04-21 15:10:34	1	0	1	0
       112	2026-04-21 15:10:41	1	0	1	0
        55	2026-04-21 15:16:51	1	0	1	0
         8	2026-04-21 15:18:49	1	0	1	0
        26	2026-04-21 15:18:55	1	0	1	0
        41	2026-04-21 15:19:05	1	0	1	0
        21	2026-04-21 15:23:50	1	0	1	0
        56	2026-04-21 15:58:27	1	0	1	0
        93	2026-04-21 16:00:08	1	0	1	0
        90	2026-04-21 16:04:31	1	0	1	0
       106	2026-04-21 16:08:06	1	0	1	0
       128	2026-04-21 16:10:02	1	0	1	0
        14	2026-04-21 16:15:04	1	0	1	0
       134	2026-04-21 16:18:18	1	0	1	0
       135	2026-04-21 16:20:34	1	0	1	0
        53	2026-04-21 16:38:18	1	0	15	0
        73	2026-04-21 16:44:32	1	0	1	0
       133	2026-04-21 16:50:42	1	0	1	0
        39	2026-04-21 16:57:01	1	0	1	0
        72	2026-04-21 16:58:33	1	0	1	0
       123	2026-04-21 16:59:55	1	0	1	0
       109	2026-04-21 17:01:17	1	0	1	0
         3	2026-04-21 17:07:28	1	0	1	0
         4	2026-04-21 17:32:08	1	0	1	0
       104	2026-04-21 18:05:36	1	1	1	0
       127	2026-04-21 18:47:31	1	1	1	0
        14	2026-04-21 20:13:41	1	1	1	0
       122	2026-04-21 20:17:11	1	1	1	0
       135	2026-04-21 20:23:46	1	1	1	0
        82	2026-04-21 20:24:26	1	1	1	0
        39	2026-04-21 21:00:04	1	1	1	0
       123	2026-04-21 21:00:24	1	1	1	0
        49	2026-04-21 21:00:36	1	1	1	0
       109	2026-04-21 21:01:02	1	1	1	0
        73	2026-04-21 21:05:27	1	1	1	0
        70	2026-04-21 21:11:01	1	1	1	0
        72	2026-04-21 21:12:14	1	1	1	0
       133	2026-04-21 21:27:17	1	1	1	0
       134	2026-04-21 21:27:20	1	1	1	0
        40	2026-04-21 21:56:16	1	1	1	0
        98	2026-04-21 22:12:22	1	1	1	0
        77	2026-04-21 23:01:17	1	1	1	0
       127	2026-04-21 23:01:25	1	1	1	0
        53	2026-04-21 23:08:38	1	1	15	0
        16	2026-04-21 23:11:28	1	1	1	0
       138	2026-04-21 23:11:45	1	1	1	0
        23	2026-04-21 23:11:48	1	1	1	0
       101	2026-04-21 23:26:23	1	1	1	0
        21	2026-04-21 23:30:27	1	1	1	0
        90	2026-04-21 23:30:32	1	1	1	0
        41	2026-04-21 23:52:20	1	1	1	0
        56	2026-04-21 23:52:26	1	1	1	0
        92	2026-04-21 23:54:55	1	1	1	0
        55	2026-04-21 23:55:06	1	1	1	0
       112	2026-04-21 23:55:08	1	1	1	0
       107	2026-04-21 23:55:17	1	1	1	0
         8	2026-04-21 23:55:58	1	1	1	0
        26	2026-04-21 23:56:01	1	1	1	0
        93	2026-04-22 00:04:03	1	1	1	0
         9	2026-04-22 06:11:52	1	1	15	0
        13	2026-04-22 06:35:13	1	1	1	0
       105	2026-04-22 06:35:46	1	1	1	0
        61	2026-04-22 06:35:48	1	1	1	0
        49	2026-04-22 07:58:21	1	1	1	0
        77	2026-04-22 08:03:24	1	0	1	0
       106	2026-04-22 08:05:35	1	0	1	0
       101	2026-04-22 08:07:30	1	0	1	0
        70	2026-04-22 08:07:54	1	0	1	0
        19	2026-04-22 08:12:16	1	0	1	0
       104	2026-04-22 09:55:13	1	0	1	0
        82	2026-04-22 11:58:46	1	0	1	0
       122	2026-04-22 12:00:05	1	0	1	0
        49	2026-04-22 12:31:01	1	0	1	0
        40	2026-04-22 14:02:47	1	0	1	0
        98	2026-04-22 14:41:07	1	0	1	0
        73	2026-04-22 14:47:49	1	0	1	0
        16	2026-04-22 14:53:33	1	0	1	0
       128	2026-04-22 14:56:27	1	0	1	0
        61	2026-04-22 14:57:41	1	0	1	0
       105	2026-04-22 14:57:44	1	0	1	0
       137	2026-04-22 15:01:22	1	0	1	0
       138	2026-04-22 15:02:00	1	0	1	0
        23	2026-04-22 15:04:39	1	0	1	0
        70	2026-04-22 15:13:25	1	1	1	0
         8	2026-04-22 15:14:43	1	1	1	0
        26	2026-04-22 15:15:00	1	1	1	0
        41	2026-04-22 15:15:04	1	1	1	0
         9	2026-04-22 15:26:25	1	1	15	0
        56	2026-04-22 15:52:48	1	1	1	0
       106	2026-04-22 15:58:28	1	1	1	0
        19	2026-04-22 15:59:53	1	1	1	0
        21	2026-04-22 16:00:41	1	0	1	0
        90	2026-04-22 16:01:28	1	0	1	0
        77	2026-04-22 16:04:16	1	1	1	0
        53	2026-04-22 16:04:59	1	1	15	0
        14	2026-04-22 16:12:17	1	1	1	0
        93	2026-04-22 16:17:24	1	1	1	0
       134	2026-04-22 16:22:09	1	1	1	0
       133	2026-04-22 16:22:12	1	1	1	0
       135	2026-04-22 16:22:24	1	0	1	0
        49	2026-04-22 16:35:31	1	0	1	0
       101	2026-04-22 16:37:30	1	1	1	0
       123	2026-04-22 16:59:43	1	1	1	0
        72	2026-04-22 17:00:07	1	1	1	0
        39	2026-04-22 17:00:23	1	0	1	0
        91	2026-04-22 17:03:08	1	0	1	0
       109	2026-04-22 17:03:43	1	0	1	0
         3	2026-04-22 17:15:12	1	0	1	0
         4	2026-04-22 17:28:54	1	0	1	0
       104	2026-04-22 18:06:16	1	1	1	0
       127	2026-04-22 18:19:57	1	1	1	0
       122	2026-04-22 20:13:36	1	1	1	0
        82	2026-04-22 20:36:30	1	1	1	0
       135	2026-04-22 20:36:36	1	1	1	0
        14	2026-04-22 20:37:30	1	1	1	0
        91	2026-04-22 20:40:40	1	1	1	0
        49	2026-04-22 20:54:22	1	1	1	0
       123	2026-04-22 21:00:04	1	1	1	0
       109	2026-04-22 21:00:10	1	1	1	0
       134	2026-04-22 21:07:36	1	1	1	0
        72	2026-04-22 21:07:48	1	1	1	0
        39	2026-04-22 21:14:37	1	1	1	0
       133	2026-04-22 21:51:31	1	1	1	0
        40	2026-04-22 22:05:36	1	1	1	0
        98	2026-04-22 22:10:36	1	1	1	0
        73	2026-04-22 22:39:48	1	1	1	0
        16	2026-04-22 22:58:43	1	1	1	0
       127	2026-04-22 22:58:59	1	1	1	0
        23	2026-04-22 22:59:05	1	1	1	0
        53	2026-04-22 23:05:53	1	1	15	0
       138	2026-04-22 23:07:17	1	1	1	0
        41	2026-04-22 23:09:21	1	1	1	0
        90	2026-04-22 23:22:05	1	1	1	0
        21	2026-04-22 23:22:07	1	1	1	0
       128	2026-04-22 23:25:21	1	1	1	0
        93	2026-04-22 23:44:06	1	1	1	0
        56	2026-04-22 23:50:28	1	1	1	0
        92	2026-04-23 00:02:56	1	1	1	0
       137	2026-04-23 00:03:36	1	1	1	0
        55	2026-04-23 00:06:03	1	1	1	0
       112	2026-04-23 00:06:09	1	1	1	0
       107	2026-04-23 00:06:12	1	1	1	0
         8	2026-04-23 00:08:58	1	1	1	0
        26	2026-04-23 00:09:06	1	1	1	0
        13	2026-04-23 05:58:40	1	1	1	0
         9	2026-04-23 06:26:29	1	1	15	0
       105	2026-04-23 06:46:01	1	1	1	0
        61	2026-04-23 06:46:03	1	1	1	0
        73	2026-04-23 07:41:49	1	0	1	0
       128	2026-04-23 07:51:20	1	0	1	0
        40	2026-04-23 07:53:58	1	0	1	0
        49	2026-04-23 08:00:42	1	0	1	0
       106	2026-04-23 08:15:04	1	0	1	0
        19	2026-04-23 08:18:06	1	0	1	0
       104	2026-04-23 10:02:19	1	0	1	0
        73	2026-04-23 11:33:13	1	1	1	0
        82	2026-04-23 11:55:53	1	0	1	0
        70	2026-04-23 12:19:43	1	0	1	0
       122	2026-04-23 12:20:13	1	0	1	0
        49	2026-04-23 12:28:29	1	0	1	0
       101	2026-04-23 12:47:42	1	0	1	0
        98	2026-04-23 14:28:12	1	0	1	0
       138	2026-04-23 14:51:10	1	0	1	0
        77	2026-04-23 14:53:06	1	0	1	0
        16	2026-04-23 14:59:51	1	0	1	0
       105	2026-04-23 15:00:46	1	0	1	0
        61	2026-04-23 15:00:48	1	0	1	0
        23	2026-04-23 15:07:43	1	0	1	0
        41	2026-04-23 15:14:00	1	0	1	0
        21	2026-04-23 15:14:16	1	0	1	0
        13	2026-04-23 15:14:21	1	0	1	0
        26	2026-04-23 15:21:49	1	0	1	0
         8	2026-04-23 15:27:48	1	0	1	0
       107	2026-04-23 15:28:10	1	0	1	0
       112	2026-04-23 15:28:16	1	0	1	0
         9	2026-04-23 15:34:51	1	0	15	0
       134	2026-04-23 15:45:38	1	0	1	0
        56	2026-04-23 15:45:52	1	0	1	0
        40	2026-04-23 15:59:13	1	1	1	0
        90	2026-04-23 16:00:00	1	1	1	0
        14	2026-04-23 16:07:47	1	1	1	0
       106	2026-04-23 16:11:24	1	1	1	0
        49	2026-04-23 16:12:41	1	0	1	0
       128	2026-04-23 16:14:24	1	0	1	0
        93	2026-04-23 16:16:25	1	0	1	0
       135	2026-04-23 16:24:07	1	0	1	0
        53	2026-04-23 16:29:24	1	0	15	0
        73	2026-04-23 16:50:32	1	0	1	0
       133	2026-04-23 16:50:53	1	0	1	0
       104	2026-04-23 17:01:10	1	1	1	0
        39	2026-04-23 17:02:40	1	0	1	0
        72	2026-04-23 17:10:55	1	0	1	0
       109	2026-04-23 17:12:22	1	0	1	0
         4	2026-04-23 17:23:46	1	0	1	0
         3	2026-04-23 17:27:42	1	0	1	0
       127	2026-04-23 18:41:34	1	0	1	0
        91	2026-04-23 20:13:18	1	0	1	0
       135	2026-04-23 20:24:07	1	1	1	0
        82	2026-04-23 20:37:31	1	1	1	0
        91	2026-04-23 20:51:45	1	1	1	0
       101	2026-04-23 20:57:43	1	1	1	0
       133	2026-04-23 20:57:45	1	1	1	0
        70	2026-04-23 20:57:54	1	1	1	0
        73	2026-04-23 21:02:34	1	1	1	0
        49	2026-04-23 21:06:54	1	1	1	0
       109	2026-04-23 21:08:10	1	1	1	0
        39	2026-04-23 21:10:14	1	1	1	0
        72	2026-04-23 22:29:37	1	1	1	0
        53	2026-04-23 22:57:55	1	1	15	0
        23	2026-04-23 23:00:39	1	1	1	0
        16	2026-04-23 23:05:06	1	1	1	0
        41	2026-04-23 23:11:26	1	1	1	0
        77	2026-04-23 23:25:32	1	1	1	0
        14	2026-04-23 23:27:56	1	1	1	0
       127	2026-04-23 23:33:26	1	1	1	0
       122	2026-04-23 23:34:09	1	1	1	0
        56	2026-04-23 23:52:07	1	1	1	0
        90	2026-04-24 00:00:46	1	1	1	0
        21	2026-04-24 00:01:01	1	1	1	0
        92	2026-04-24 00:01:20	1	1	1	0
        55	2026-04-24 00:01:27	1	1	1	0
       112	2026-04-24 00:01:39	1	1	1	0
       107	2026-04-24 00:01:45	1	1	1	0
         8	2026-04-24 00:05:01	1	1	1	0
        26	2026-04-24 00:05:02	1	1	1	0
        93	2026-04-24 00:06:57	1	1	1	0
       138	2026-04-24 02:34:10	1	1	1	0
        19	2026-04-24 08:20:50	1	1	1	0
        13	2026-04-24 15:09:06	1	1	1	0
        61	2026-04-24 15:24:02	1	1	1	0
       105	2026-04-24 15:24:04	1	1	1	0
        90	2026-04-24 15:52:34	1	0	1	0
       101	2026-04-24 16:00:12	1	0	1	0
        19	2026-04-24 16:04:13	1	0	1	0
        93	2026-04-24 16:11:56	1	0	1	0
       101	2026-04-24 22:15:20	1	1	1	0
        90	2026-04-24 23:59:31	1	1	1	0
       105	2026-04-25 00:02:04	1	1	1	0
        61	2026-04-25 00:02:06	1	1	1	0
        90	2026-04-25 00:05:23	1	1	1	0
        93	2026-04-25 00:05:25	1	1	1	0
        13	2026-04-25 00:06:25	1	1	1	0
         9	2026-04-25 05:56:25	1	1	15	0
         8	2026-04-25 06:22:32	1	1	1	0
        26	2026-04-25 06:22:40	1	1	1	0
        39	2026-04-25 07:51:55	1	0	1	0
        16	2026-04-25 07:58:15	1	0	1	0
        49	2026-04-25 07:58:24	1	0	1	0
        19	2026-04-25 08:24:25	1	0	1	0
        70	2026-04-25 08:24:36	1	0	1	0
       104	2026-04-25 10:04:18	1	0	1	0
        82	2026-04-25 11:58:12	1	0	1	0
        49	2026-04-25 12:00:06	1	0	1	0
       122	2026-04-25 12:17:59	1	0	1	0
        39	2026-04-25 12:50:31	1	1	1	0
        40	2026-04-25 13:55:16	1	0	1	0
        98	2026-04-25 14:11:33	1	0	1	0
        90	2026-04-25 14:44:55	1	0	1	0
       138	2026-04-25 14:47:18	1	0	1	0
        55	2026-04-25 14:49:36	1	0	1	0
        92	2026-04-25 14:49:39	1	0	1	0
       107	2026-04-25 14:49:44	1	0	1	0
       112	2026-04-25 14:49:49	1	0	1	0
       128	2026-04-25 14:55:47	1	0	1	0
       106	2026-04-25 15:00:43	1	0	1	0
        23	2026-04-25 15:01:17	1	0	1	0
        41	2026-04-25 15:05:05	1	0	1	0
        13	2026-04-25 15:10:33	1	0	15	0
       137	2026-04-25 15:10:44	1	0	1	0
        70	2026-04-25 15:14:48	1	1	1	0
        73	2026-04-25 15:20:47	1	0	1	0
        19	2026-04-25 15:23:31	1	0	1	0
         9	2026-04-25 15:31:31	1	0	1	0
        26	2026-04-25 15:34:25	1	0	1	0
         8	2026-04-25 15:34:28	1	0	1	0
        21	2026-04-25 15:37:46	1	0	1	0
        56	2026-04-25 15:54:43	1	0	1	0
        14	2026-04-25 15:56:28	1	0	1	0
        16	2026-04-25 15:57:51	1	0	1	0
        49	2026-04-25 16:00:05	1	0	1	0
       135	2026-04-25 16:20:31	1	0	1	0
        53	2026-04-25 16:22:26	1	0	15	0
       134	2026-04-25 16:24:08	1	0	1	0
       133	2026-04-25 16:24:11	1	0	1	0
       109	2026-04-25 16:57:54	1	0	1	0
       123	2026-04-25 16:58:04	1	0	1	0
        72	2026-04-25 16:58:42	1	0	1	0
         4	2026-04-25 17:03:13	1	0	1	0
        91	2026-04-25 17:06:30	1	0	1	0
         3	2026-04-25 17:09:37	1	0	1	0
       104	2026-04-25 18:03:33	1	1	1	0
       127	2026-04-25 18:32:56	1	1	1	0
        82	2026-04-25 20:02:42	1	1	1	0
        14	2026-04-25 20:13:23	1	1	1	0
       122	2026-04-25 20:25:36	1	1	1	0
        91	2026-04-25 20:51:32	1	1	1	0
       123	2026-04-25 20:58:27	1	1	1	0
        49	2026-04-25 21:01:21	1	1	1	0
       133	2026-04-25 21:01:24	1	1	1	0
       109	2026-04-25 21:14:04	1	1	1	0
        72	2026-04-25 21:30:04	1	1	1	0
       135	2026-04-25 21:55:46	1	1	1	0
        40	2026-04-25 22:00:06	1	1	1	0
        98	2026-04-25 22:13:23	1	1	1	0
       106	2026-04-25 22:59:01	1	1	1	0
        23	2026-04-25 23:00:53	1	1	1	0
       127	2026-04-25 23:01:03	1	1	1	0
       138	2026-04-25 23:01:30	1	1	1	0
        73	2026-04-25 23:07:39	1	1	1	0
        41	2026-04-25 23:09:07	1	1	1	0
       128	2026-04-25 23:19:47	1	1	1	0
        53	2026-04-25 23:28:06	1	1	15	0
        56	2026-04-25 23:51:38	1	1	1	0
        90	2026-04-25 23:58:30	1	1	1	0
        55	2026-04-26 00:01:31	1	1	1	0
        92	2026-04-26 00:01:33	1	1	1	0
       107	2026-04-26 00:02:19	1	1	1	0
       112	2026-04-26 00:02:21	1	1	1	0
        21	2026-04-26 00:05:52	1	1	1	0
         5	2026-04-26 00:23:33	1	1	1	0
         9	2026-04-26 06:01:33	1	1	15	0
        13	2026-04-26 06:20:41	1	1	1	0
       105	2026-04-26 06:38:12	1	1	1	0
        61	2026-04-26 06:38:14	1	1	1	0
        16	2026-04-26 07:57:47	1	1	1	0
        49	2026-04-26 07:58:09	1	0	1	0
        73	2026-04-26 07:59:35	1	0	1	0
        19	2026-04-26 08:01:26	1	0	1	0
        39	2026-04-26 08:54:08	1	0	1	0
       104	2026-04-26 10:05:51	1	1	1	0
        82	2026-04-26 11:56:01	1	0	1	0
       101	2026-04-26 11:57:28	1	0	1	0
        70	2026-04-26 11:57:36	1	0	1	0
       122	2026-04-26 12:12:02	1	0	1	0
        49	2026-04-26 12:46:50	1	0	1	0
        39	2026-04-26 13:06:28	1	1	1	0
        40	2026-04-26 14:02:23	1	0	1	0
        98	2026-04-26 14:11:05	1	0	1	0
       138	2026-04-26 14:49:56	1	0	1	0
       106	2026-04-26 14:52:00	1	0	1	0
        61	2026-04-26 15:00:09	1	0	1	0
       128	2026-04-26 15:00:48	1	0	1	0
