        92	2026-05-01 00:00:06	1	1	1	0
        55	2026-05-01 00:00:11	1	1	1	0
       107	2026-05-01 00:00:16	1	1	1	0
       112	2026-05-01 00:00:36	1	1	1	0
        26	2026-05-01 00:00:45	1	1	1	0
         8	2026-05-01 00:00:48	1	1	1	0
        93	2026-05-01 00:08:35	1	1	1	0
        19	2026-05-01 08:28:41	1	1	1	0
        61	2026-05-01 15:20:14	1	1	1	0
       105	2026-05-01 15:20:20	1	1	1	0
        73	2026-05-01 15:58:02	1	0	1	0
        19	2026-05-01 16:00:09	1	0	1	0
       106	2026-05-01 16:06:09	1	0	1	0
        73	2026-05-01 22:06:46	1	1	1	0
       106	2026-05-01 22:10:27	1	1	1	0
       105	2026-05-02 00:04:55	1	1	1	0
        61	2026-05-02 00:05:06	1	1	1	0
       137	2026-05-02 05:38:55	1	1	1	0
         8	2026-05-02 06:25:55	1	1	1	0
        26	2026-05-02 06:26:00	1	1	1	0
       127	2026-05-02 07:45:46	1	0	1	0
        16	2026-05-02 07:54:03	1	0	1	0
        70	2026-05-02 08:03:02	1	0	1	0
       104	2026-05-02 10:01:27	1	0	1	0
        82	2026-05-02 11:53:02	1	0	1	0
       122	2026-05-02 12:13:28	1	0	1	0
        40	2026-05-02 13:53:39	1	0	1	0
       138	2026-05-02 14:22:38	1	0	1	0
        98	2026-05-02 14:33:45	1	0	1	0
       128	2026-05-02 14:57:47	1	0	1	0
       127	2026-05-02 15:04:25	1	1	1	0
        23	2026-05-02 15:05:48	1	1	1	0
        41	2026-05-02 15:09:13	1	0	1	0
        70	2026-05-02 15:10:41	1	1	1	0
         8	2026-05-02 15:10:57	1	1	1	0
        26	2026-05-02 15:11:05	1	1	1	0
       106	2026-05-02 15:24:44	1	1	1	0
        56	2026-05-02 15:48:22	1	1	1	0
        90	2026-05-02 15:56:28	1	1	1	0
        16	2026-05-02 15:58:14	1	1	1	0
        19	2026-05-02 16:04:22	1	1	1	0
        93	2026-05-02 16:10:19	1	1	1	0
        21	2026-05-02 16:14:14	1	0	1	0
        53	2026-05-02 16:16:47	1	0	15	0
       135	2026-05-02 16:21:17	1	0	1	0
       134	2026-05-02 16:30:05	1	0	1	0
       133	2026-05-02 16:30:07	1	0	1	0
       123	2026-05-02 16:48:18	1	0	1	0
        39	2026-05-02 16:55:08	1	0	1	0
        91	2026-05-02 16:55:54	1	0	1	0
        72	2026-05-02 16:58:25	1	0	1	0
       109	2026-05-02 17:01:34	1	0	1	0
        14	2026-05-02 17:05:03	1	0	1	0
         7	2026-05-02 17:20:19	1	0	1	0
         3	2026-05-02 17:42:16	1	0	1	0
       104	2026-05-02 18:06:19	1	1	1	0
         4	2026-05-02 18:07:51	1	1	1	0
        82	2026-05-02 19:59:13	1	1	1	0
       122	2026-05-02 20:07:56	1	1	1	0
       135	2026-05-02 20:29:19	1	1	1	0
       133	2026-05-02 20:49:46	1	1	1	0
        91	2026-05-02 20:51:32	1	1	1	0
       109	2026-05-02 20:58:44	1	1	1	0
       123	2026-05-02 20:59:15	1	1	1	0
        39	2026-05-02 21:03:38	1	1	1	0
        72	2026-05-02 21:04:01	1	1	1	0
        40	2026-05-02 22:08:10	1	1	1	0
        14	2026-05-02 22:32:36	1	1	1	0
        23	2026-05-02 22:59:07	1	1	1	0
       138	2026-05-02 23:01:23	1	1	1	0
       106	2026-05-02 23:01:52	1	1	1	0
       128	2026-05-02 23:02:22	1	1	1	0
        41	2026-05-02 23:07:16	1	1	1	0
        53	2026-05-02 23:08:10	1	1	15	0
        98	2026-05-02 23:08:22	1	1	1	0
       134	2026-05-02 23:49:52	1	1	1	0
        56	2026-05-02 23:51:36	1	1	1	0
        21	2026-05-02 23:54:46	1	1	1	0
        90	2026-05-02 23:57:13	1	1	1	0
        55	2026-05-03 00:01:25	1	1	1	0
        92	2026-05-03 00:01:30	1	1	1	0
       112	2026-05-03 00:01:35	1	1	1	0
       107	2026-05-03 00:01:37	1	1	1	0
        93	2026-05-03 00:08:10	1	1	1	0
       137	2026-05-03 00:08:19	1	1	1	0
        61	2026-05-03 06:08:40	1	1	1	0
       105	2026-05-03 06:08:45	1	1	1	0
        13	2026-05-03 06:42:47	1	1	1	0
       127	2026-05-03 07:53:12	1	0	1	0
        16	2026-05-03 07:55:39	1	0	1	0
        70	2026-05-03 07:58:45	1	0	1	0
        19	2026-05-03 08:26:01	1	0	1	0
       104	2026-05-03 10:00:03	1	0	1	0
       134	2026-05-03 10:30:10	1	0	1	0
        73	2026-05-03 11:49:10	1	0	1	0
        82	2026-05-03 11:56:20	1	0	1	0
        70	2026-05-03 11:58:24	1	1	1	0
       127	2026-05-03 12:18:05	1	1	1	0
       128	2026-05-03 13:52:57	1	1	1	0
        40	2026-05-03 13:56:50	1	0	1	0
        98	2026-05-03 14:32:13	1	0	1	0
       138	2026-05-03 14:50:48	1	0	1	0
       105	2026-05-03 14:57:38	1	0	1	0
        61	2026-05-03 14:57:41	1	0	1	0
       106	2026-05-03 15:06:50	1	0	1	0
        41	2026-05-03 15:10:09	1	0	1	0
        92	2026-05-03 15:19:28	1	0	1	0
       107	2026-05-03 15:19:33	1	0	1	0
       112	2026-05-03 15:19:39	1	0	1	0
         8	2026-05-03 15:24:08	1	0	1	0
        26	2026-05-03 15:24:16	1	0	1	0
        21	2026-05-03 15:43:06	1	0	1	0
        56	2026-05-03 15:43:14	1	0	1	0
        16	2026-05-03 15:55:56	1	0	1	0
        72	2026-05-03 15:58:33	1	0	1	0
        90	2026-05-03 16:01:48	1	0	1	0
        14	2026-05-03 16:09:53	1	0	1	0
       135	2026-05-03 16:20:37	1	0	1	0
       134	2026-05-03 16:40:46	1	0	1	0
       133	2026-05-03 16:40:49	1	0	1	0
        70	2026-05-03 16:43:40	1	0	1	0
        91	2026-05-03 16:56:06	1	0	1	0
        39	2026-05-03 16:57:17	1	0	1	0
         4	2026-05-03 16:58:44	1	0	1	0
       123	2026-05-03 16:59:40	1	0	1	0
       109	2026-05-03 17:00:01	1	0	1	0
         7	2026-05-03 17:28:02	1	0	1	0
         3	2026-05-03 17:34:57	1	0	1	0
       104	2026-05-03 18:01:23	1	1	1	0
         7	2026-05-03 19:36:10	1	1	1	0
        82	2026-05-03 20:09:44	1	1	1	0
       135	2026-05-03 20:38:12	1	1	1	0
        73	2026-05-03 20:46:06	1	1	1	0
       133	2026-05-03 20:57:41	1	1	1	0
       109	2026-05-03 21:03:25	1	1	1	0
        91	2026-05-03 21:03:27	1	1	1	0
        39	2026-05-03 21:04:46	1	1	1	0
       123	2026-05-03 21:06:38	1	1	1	0
        72	2026-05-03 21:15:38	1	1	1	0
        70	2026-05-03 21:15:46	1	1	1	0
        53	2026-05-03 21:44:01	1	1	15	0
        40	2026-05-03 22:10:16	1	1	1	0
        14	2026-05-03 22:24:38	1	1	1	0
       138	2026-05-03 22:59:49	1	1	1	0
       106	2026-05-03 23:01:05	1	1	1	0
        56	2026-05-03 23:03:29	1	1	1	0
        41	2026-05-03 23:10:02	1	1	1	0
       128	2026-05-03 23:11:31	1	1	1	0
       134	2026-05-03 23:29:11	1	1	1	0
        98	2026-05-03 23:41:27	1	1	1	0
        53	2026-05-03 23:45:53	1	1	15	0
        92	2026-05-03 23:54:09	1	1	1	0
        55	2026-05-03 23:54:13	1	1	1	0
         8	2026-05-03 23:54:31	1	1	1	0
       112	2026-05-03 23:54:38	1	1	1	0
       107	2026-05-03 23:54:44	1	1	1	0
        26	2026-05-03 23:54:47	1	1	1	0
        90	2026-05-04 00:00:27	1	1	1	0
        21	2026-05-04 00:01:34	1	1	1	0
        93	2026-05-04 00:05:36	1	1	1	0
        61	2026-05-04 06:12:20	1	1	1	0
       105	2026-05-04 06:12:27	1	1	1	0
        13	2026-05-04 06:55:15	1	1	1	0
        40	2026-05-04 07:27:35	1	0	1	0
       127	2026-05-04 07:41:21	1	0	1	0
        70	2026-05-04 08:02:10	1	0	1	0
        16	2026-05-04 08:03:48	1	0	1	0
        19	2026-05-04 08:23:20	1	0	1	0
       104	2026-05-04 10:00:34	1	0	1	0
       122	2026-05-04 11:53:39	1	0	1	0
        82	2026-05-04 11:54:40	1	0	1	0
        73	2026-05-04 14:09:42	1	0	1	0
       128	2026-05-04 14:12:23	1	0	1	0
        90	2026-05-04 14:22:54	1	0	1	0
       138	2026-05-04 14:50:42	1	0	1	0
       105	2026-05-04 14:57:16	1	0	1	0
        61	2026-05-04 14:57:19	1	0	1	0
        98	2026-05-04 14:58:30	1	0	1	0
        55	2026-05-04 15:05:08	1	0	1	0
       112	2026-05-04 15:05:11	1	0	1	0
        92	2026-05-04 15:05:18	1	0	1	0
       107	2026-05-04 15:05:20	1	0	1	0
       106	2026-05-04 15:13:17	1	0	1	0
        41	2026-05-04 15:13:42	1	0	1	0
         8	2026-05-04 15:13:51	1	0	1	0
        26	2026-05-04 15:13:54	1	0	1	0
       127	2026-05-04 15:32:31	1	1	1	0
        56	2026-05-04 15:51:06	1	1	1	0
        21	2026-05-04 15:54:44	1	0	1	0
        16	2026-05-04 16:00:19	1	0	1	0
        40	2026-05-04 16:05:21	1	1	1	0
        93	2026-05-04 16:12:30	1	1	1	0
        72	2026-05-04 16:13:08	1	0	1	0
        14	2026-05-04 16:13:39	1	0	1	0
       135	2026-05-04 16:22:05	1	0	1	0
        70	2026-05-04 16:24:04	1	1	1	0
       134	2026-05-04 16:27:12	1	1	1	0
        53	2026-05-04 16:37:18	1	1	15	0
       133	2026-05-04 16:46:14	1	1	1	0
       133	2026-05-04 16:49:13	1	1	1	0
        91	2026-05-04 16:49:56	1	1	1	0
        39	2026-05-04 16:56:09	1	0	1	0
       123	2026-05-04 17:00:30	1	0	1	0
         3	2026-05-04 17:00:43	1	0	1	0
       109	2026-05-04 17:01:33	1	0	1	0
         4	2026-05-04 17:10:28	1	0	1	0
         7	2026-05-04 17:27:07	1	0	1	0
       104	2026-05-04 18:03:12	1	1	1	0
        82	2026-05-04 20:10:40	1	1	1	0
         7	2026-05-04 20:17:09	1	1	1	0
       122	2026-05-04 20:23:48	1	1	1	0
       135	2026-05-04 20:36:22	1	1	1	0
        91	2026-05-04 20:56:13	1	1	1	0
       133	2026-05-04 21:00:02	1	1	1	0
       123	2026-05-04 21:00:40	1	1	1	0
        39	2026-05-04 21:01:54	1	1	1	0
       109	2026-05-04 21:07:37	1	1	1	0
        14	2026-05-04 21:39:41	1	1	1	0
        72	2026-05-04 22:05:06	1	1	1	0
       138	2026-05-04 23:00:26	1	1	1	0
        41	2026-05-04 23:01:05	1	1	1	0
       106	2026-05-04 23:02:04	1	1	1	0
        98	2026-05-04 23:03:47	1	1	1	0
       128	2026-05-04 23:07:14	1	1	1	0
        53	2026-05-04 23:12:34	1	1	15	0
        56	2026-05-04 23:52:22	1	1	1	0
        90	2026-05-04 23:57:53	1	1	1	0
        92	2026-05-04 23:58:44	1	1	1	0
        26	2026-05-04 23:59:21	1	1	1	0
       107	2026-05-04 23:59:27	1	1	1	0
       112	2026-05-04 23:59:33	1	1	1	0
        55	2026-05-04 23:59:36	1	1	1	0
         8	2026-05-05 00:00:21	1	1	1	0
        93	2026-05-05 00:01:07	1	1	1	0
        21	2026-05-05 00:01:10	1	1	1	0
         5	2026-05-05 00:06:46	1	1	1	0
        61	2026-05-05 06:11:41	1	1	1	0
       105	2026-05-05 06:11:45	1	1	1	0
       127	2026-05-05 07:45:35	1	0	1	0
        19	2026-05-05 08:06:16	1	0	1	0
        70	2026-05-05 08:17:37	1	0	1	0
       104	2026-05-05 10:01:52	1	0	1	0
        82	2026-05-05 11:58:55	1	0	1	0
       122	2026-05-05 12:04:15	1	0	1	0
        56	2026-05-05 13:50:55	1	0	1	0
        40	2026-05-05 13:52:39	1	0	1	0
        70	2026-05-05 14:10:05	1	1	1	0
        98	2026-05-05 14:37:19	1	0	1	0
       128	2026-05-05 14:43:58	1	0	1	0
       138	2026-05-05 14:47:38	1	0	1	0
       105	2026-05-05 14:59:21	1	0	1	0
        61	2026-05-05 14:59:23	1	0	1	0
         8	2026-05-05 15:04:55	1	0	1	0
        26	2026-05-05 15:05:27	1	0	1	0
       106	2026-05-05 15:07:57	1	0	1	0
        41	2026-05-05 15:08:30	1	0	1	0
        19	2026-05-05 15:11:34	1	0	1	0
        21	2026-05-05 15:17:25	1	0	1	0
       135	2026-05-05 15:18:01	1	0	1	0
        90	2026-05-05 15:37:54	1	0	1	0
       134	2026-05-05 15:43:31	1	0	1	0
       127	2026-05-05 15:44:30	1	1	1	0
        14	2026-05-05 15:51:38	1	1	1	0
        72	2026-05-05 15:58:11	1	0	1	0
        73	2026-05-05 15:59:39	1	0	1	0
         7	2026-05-05 16:42:53	1	0	1	0
        39	2026-05-05 16:43:18	1	0	1	0
       133	2026-05-05 16:43:22	1	0	1	0
       123	2026-05-05 16:53:02	1	0	1	0
        70	2026-05-05 16:57:32	1	0	1	0
        91	2026-05-05 17:00:51	1	0	1	0
         4	2026-05-05 17:12:01	1	0	1	0
         3	2026-05-05 17:13:38	1	0	1	0
       104	2026-05-05 18:07:10	1	1	1	0
       109	2026-05-05 19:03:31	1	1	1	0
       122	2026-05-05 19:06:38	1	1	1	0
         3	2026-05-05 19:45:15	1	1	1	0
        82	2026-05-05 20:11:52	1	1	1	0
       135	2026-05-05 20:34:52	1	1	1	0
       133	2026-05-05 20:53:39	1	1	1	0
        70	2026-05-05 20:57:19	1	1	1	0
        91	2026-05-05 20:59:47	1	1	1	0
       123	2026-05-05 21:02:08	1	1	1	0
       109	2026-05-05 21:02:38	1	1	1	0
        39	2026-05-05 21:12:30	1	1	1	0
        72	2026-05-05 21:15:27	1	1	1	0
        40	2026-05-05 22:03:49	1	1	1	0
       134	2026-05-05 22:14:12	1	1	1	0
        14	2026-05-05 22:14:25	1	1	1	0
        41	2026-05-05 23:00:37	1	1	1	0
       106	2026-05-05 23:00:45	1	1	1	0
        56	2026-05-05 23:01:57	1	1	1	0
       138	2026-05-05 23:02:48	1	1	1	0
        98	2026-05-05 23:10:29	1	1	1	0
       128	2026-05-05 23:12:34	1	1	1	0
        73	2026-05-05 23:50:18	1	1	1	0
        90	2026-05-05 23:50:25	1	1	1	0
        92	2026-05-05 23:56:05	1	1	1	0
        55	2026-05-05 23:56:22	1	1	1	0
       112	2026-05-05 23:56:30	1	1	1	0
       107	2026-05-05 23:56:43	1	1	1	0
         8	2026-05-05 23:58:11	1	1	1	0
        26	2026-05-05 23:58:20	1	1	1	0
        93	2026-05-05 23:58:52	1	1	1	0
        21	2026-05-06 00:13:44	1	1	1	0
       105	2026-05-06 06:07:33	1	1	1	0
        61	2026-05-06 06:07:36	1	1	1	0
        13	2026-05-06 06:35:00	1	1	15	0
       127	2026-05-06 07:53:49	1	0	1	0
        16	2026-05-06 08:00:13	1	0	1	0
        70	2026-05-06 08:10:33	1	0	1	0
        90	2026-05-06 08:27:05	1	0	1	0
       104	2026-05-06 10:02:03	1	0	1	0
        82	2026-05-06 11:57:17	1	0	1	0
       122	2026-05-06 12:10:35	1	0	1	0
        56	2026-05-06 13:44:31	1	0	1	0
        40	2026-05-06 13:54:47	1	0	1	0
        70	2026-05-06 14:02:11	1	1	1	0
       128	2026-05-06 14:09:30	1	1	1	0
        98	2026-05-06 14:30:48	1	0	1	0
       138	2026-05-06 14:49:33	1	0	1	0
       106	2026-05-06 14:51:19	1	0	1	0
       105	2026-05-06 14:55:23	1	0	1	0
        61	2026-05-06 14:55:31	1	0	1	0
        41	2026-05-06 15:09:06	1	0	1	0
        92	2026-05-06 15:21:45	1	0	1	0
        55	2026-05-06 15:21:48	1	0	1	0
       107	2026-05-06 15:21:52	1	0	1	0
       112	2026-05-06 15:21:58	1	0	1	0
         8	2026-05-06 15:33:53	1	0	1	0
        26	2026-05-06 15:33:58	1	0	1	0
        73	2026-05-06 15:51:10	1	0	1	0
        16	2026-05-06 15:56:46	1	0	1	0
        21	2026-05-06 15:57:28	1	0	1	0
        72	2026-05-06 15:58:24	1	0	1	0
        90	2026-05-06 16:09:43	1	0	1	0
       127	2026-05-06 16:13:54	1	1	1	0
        93	2026-05-06 16:16:37	1	1	1	0
        19	2026-05-06 16:21:32	1	1	1	0
       135	2026-05-06 16:22:33	1	0	1	0
       134	2026-05-06 16:38:40	1	0	1	0
       133	2026-05-06 16:38:43	1	0	1	0
       133	2026-05-06 16:40:36	1	0	1	0
        39	2026-05-06 16:44:54	1	0	1	0
       109	2026-05-06 16:51:57	1	0	1	0
       123	2026-05-06 16:54:31	1	0	1	0
        91	2026-05-06 17:00:00	1	0	1	0
        14	2026-05-06 17:05:27	1	0	1	0
         7	2026-05-06 17:10:55	1	0	1	0
         4	2026-05-06 17:17:08	1	0	1	0
         3	2026-05-06 17:33:14	1	0	1	0
       104	2026-05-06 18:06:54	1	1	1	0
        39	2026-05-06 20:01:57	1	1	1	0
        91	2026-05-06 20:18:59	1	1	1	0
       122	2026-05-06 20:20:00	1	1	1	0
       135	2026-05-06 20:37:05	1	1	1	0
        82	2026-05-06 20:45:56	1	1	1	0
       123	2026-05-06 20:57:53	1	1	1	0
       109	2026-05-06 20:59:37	1	1	1	0
       133	2026-05-06 21:00:40	1	1	1	0
        56	2026-05-06 21:02:02	1	1	1	0
        72	2026-05-06 21:27:51	1	1	1	0
        14	2026-05-06 21:52:08	1	1	1	0
       134	2026-05-06 21:52:11	1	1	1	0
        40	2026-05-06 22:10:21	1	1	1	0
        41	2026-05-06 22:55:43	1	1	1	0
        98	2026-05-06 23:00:02	1	1	1	0
       128	2026-05-06 23:01:59	1	1	1	0
       106	2026-05-06 23:02:04	1	1	1	0
       138	2026-05-06 23:10:39	1	1	1	0
        92	2026-05-06 23:55:07	1	1	1	0
         8	2026-05-06 23:55:50	1	1	1	0
        55	2026-05-06 23:56:05	1	1	1	0
        26	2026-05-06 23:56:07	1	1	1	0
       107	2026-05-06 23:56:13	1	1	1	0
       112	2026-05-06 23:56:17	1	1	1	0
        73	2026-05-07 00:01:00	1	1	1	0
         5	2026-05-07 00:05:26	1	1	1	0
        93	2026-05-07 00:22:46	1	1	1	0
        21	2026-05-07 01:53:59	1	1	1	0
        61	2026-05-07 06:08:33	1	1	1	0
       105	2026-05-07 06:08:38	1	1	1	0
        13	2026-05-07 06:31:29	1	1	1	0
        40	2026-05-07 07:16:38	1	0	1	0
       127	2026-05-07 07:51:38	1	0	1	0
        16	2026-05-07 07:55:54	1	0	1	0
        90	2026-05-07 08:06:24	1	0	1	0
        70	2026-05-07 08:56:54	1	0	1	0
       104	2026-05-07 10:09:13	1	0	1	0
        82	2026-05-07 11:57:48	1	0	1	0
       122	2026-05-07 12:04:15	1	0	1	0
        56	2026-05-07 12:05:33	1	0	1	0
        70	2026-05-07 12:09:18	1	1	1	0
        53	2026-05-07 14:27:55	1	1	15	0
        98	2026-05-07 14:43:19	1	0	1	0
       128	2026-05-07 14:49:47	1	0	1	0
       138	2026-05-07 14:50:13	1	0	1	0
        61	2026-05-07 14:58:48	1	0	1	0
       105	2026-05-07 14:58:50	1	0	1	0
        41	2026-05-07 15:07:21	1	0	1	0
         8	2026-05-07 15:11:11	1	0	1	0
        26	2026-05-07 15:11:15	1	0	1	0
       106	2026-05-07 15:13:10	1	0	1	0
       134	2026-05-07 15:33:27	1	0	1	0
        73	2026-05-07 15:40:06	1	0	1	0
        21	2026-05-07 15:48:13	1	0	1	0
        16	2026-05-07 15:56:24	1	0	1	0
        72	2026-05-07 15:59:51	1	0	1	0
        19	2026-05-07 16:00:19	1	0	1	0
        90	2026-05-07 16:06:34	1	0	1	0
       127	2026-05-07 16:07:07	1	1	1	0
        93	2026-05-07 16:07:17	1	1	1	0
        40	2026-05-07 16:09:00	1	1	1	0
       135	2026-05-07 16:11:06	1	1	1	0
        39	2026-05-07 16:38:30	1	0	1	0
        70	2026-05-07 16:54:07	1	0	1	0
        91	2026-05-07 17:02:07	1	0	1	0
        14	2026-05-07 17:03:02	1	0	1	0
       133	2026-05-07 17:03:13	1	0	1	0
         3	2026-05-07 17:11:11	1	0	1	0
         4	2026-05-07 17:30:02	1	0	1	0
         7	2026-05-07 17:37:32	1	0	1	0
       104	2026-05-07 18:07:59	1	1	1	0
        82	2026-05-07 20:06:18	1	1	1	0
       122	2026-05-07 20:25:32	1	1	1	0
       135	2026-05-07 20:38:46	1	1	1	0
        91	2026-05-07 20:57:07	1	1	1	0
       133	2026-05-07 21:00:49	1	1	1	0
        39	2026-05-07 21:05:24	1	1	1	0
        98	2026-05-07 21:14:44	1	1	1	0
        56	2026-05-07 21:15:38	1	1	1	0
        14	2026-05-07 21:31:43	1	1	1	0
        72	2026-05-07 22:32:33	1	1	1	0
        70	2026-05-07 22:35:23	1	1	1	0
       138	2026-05-07 23:02:17	1	1	1	0
       134	2026-05-07 23:09:55	1	1	1	0
        41	2026-05-07 23:10:57	1	1	1	0
       106	2026-05-07 23:22:46	1	1	1	0
        19	2026-05-07 23:27:17	1	1	1	0
       128	2026-05-07 23:28:52	1	1	1	0
        73	2026-05-07 23:41:37	1	1	1	0
        53	2026-05-07 23:48:06	1	1	15	0
        21	2026-05-07 23:58:41	1	1	1	0
        26	2026-05-07 23:58:51	1	1	1	0
         8	2026-05-07 23:58:55	1	1	1	0
        93	2026-05-07 23:59:18	1	1	1	0
        92	2026-05-08 00:00:13	1	1	1	0
       107	2026-05-08 00:02:16	1	1	1	0
       112	2026-05-08 00:02:19	1	1	1	0
        90	2026-05-08 08:31:04	1	1	1	0
       105	2026-05-08 15:04:18	1	1	1	0
        61	2026-05-08 15:04:20	1	1	1	0
        13	2026-05-08 15:26:32	1	1	1	0
        19	2026-05-08 15:51:44	1	1	1	0
        90	2026-05-08 15:51:51	1	1	1	0
        73	2026-05-08 16:16:26	1	0	1	0
        73	2026-05-08 22:00:54	1	1	1	0
       105	2026-05-08 23:56:59	1	1	1	0
        61	2026-05-08 23:57:02	1	1	1	0
        13	2026-05-08 23:58:40	1	1	1	0
         8	2026-05-09 06:26:06	1	1	1	0
        26	2026-05-09 06:26:16	1	1	1	0
        53	2026-05-09 07:28:36	1	1	15	0
       127	2026-05-09 07:57:47	1	0	1	0
        70	2026-05-09 08:04:52	1	0	1	0
       104	2026-05-09 09:42:29	1	0	1	0
        82	2026-05-09 11:55:53	1	0	1	0
       122	2026-05-09 12:15:37	1	0	1	0
        40	2026-05-09 13:53:16	1	0	1	0
        98	2026-05-09 14:37:43	1	0	1	0
       128	2026-05-09 14:51:22	1	0	1	0
       138	2026-05-09 14:51:50	1	0	1	0
        41	2026-05-09 14:57:13	1	0	1	0
        26	2026-05-09 15:07:50	1	0	1	0
       106	2026-05-09 15:09:39	1	0	1	0
        21	2026-05-09 15:14:55	1	0	1	0
        53	2026-05-09 15:16:50	1	0	15	0
       134	2026-05-09 15:46:53	1	0	1	0
        73	2026-05-09 15:54:55	1	0	1	0
        72	2026-05-09 15:57:05	1	0	1	0
        70	2026-05-09 16:01:16	1	1	1	0
       127	2026-05-09 16:04:24	1	1	1	0
        53	2026-05-09 16:20:39	1	1	15	0
       135	2026-05-09 16:30:54	1	0	1	0
       109	2026-05-09 16:49:07	1	0	1	0
         3	2026-05-09 16:50:28	1	0	1	0
       133	2026-05-09 16:50:36	1	0	1	0
       123	2026-05-09 16:57:36	1	0	1	0
        14	2026-05-09 16:59:12	1	0	1	0
         4	2026-05-09 17:02:40	1	0	1	0
         7	2026-05-09 17:12:00	1	0	1	0
       104	2026-05-09 18:05:58	1	1	1	0
        82	2026-05-09 20:09:11	1	1	1	0
         7	2026-05-09 20:16:18	1	1	1	0
       122	2026-05-09 20:18:31	1	1	1	0
       135	2026-05-09 20:27:10	1	1	1	0
       133	2026-05-09 20:55:01	1	1	1	0
       123	2026-05-09 20:55:37	1	1	1	0
       109	2026-05-09 21:14:03	1	1	1	0
       134	2026-05-09 21:51:59	1	1	1	0
        40	2026-05-09 22:13:41	1	1	1	0
        72	2026-05-09 22:30:05	1	1	1	0
        14	2026-05-09 22:52:16	1	1	1	0
       106	2026-05-09 22:59:10	1	1	1	0
        41	2026-05-09 23:01:26	1	1	1	0
        21	2026-05-09 23:01:54	1	1	1	0
        98	2026-05-09 23:04:26	1	1	1	0
       138	2026-05-09 23:10:43	1	1	1	0
       128	2026-05-09 23:19:00	1	1	1	0
        53	2026-05-09 23:28:14	1	1	15	0
        92	2026-05-09 23:59:01	1	1	1	0
        55	2026-05-10 00:01:26	1	1	1	0
       112	2026-05-10 00:01:30	1	1	1	0
       107	2026-05-10 00:01:34	1	1	1	0
        61	2026-05-10 06:01:19	1	1	1	0
       105	2026-05-10 06:01:24	1	1	1	0
        13	2026-05-10 06:48:45	1	1	1	0
       127	2026-05-10 07:50:53	1	0	1	0
        90	2026-05-10 08:18:19	1	0	1	0
       104	2026-05-10 10:07:04	1	0	1	0
        70	2026-05-10 11:50:55	1	0	1	0
        82	2026-05-10 11:57:00	1	0	1	0
       122	2026-05-10 11:58:13	1	0	1	0
        40	2026-05-10 14:00:07	1	0	1	0
        98	2026-05-10 14:34:26	1	0	1	0
        72	2026-05-10 14:41:44	1	0	1	0
       138	2026-05-10 14:49:34	1	0	1	0
       105	2026-05-10 14:55:37	1	0	1	0
        61	2026-05-10 14:55:44	1	0	1	0
       128	2026-05-10 15:00:17	1	0	1	0
       106	2026-05-10 15:02:29	1	0	1	0
        26	2026-05-10 15:16:23	1	0	1	0
       127	2026-05-10 15:16:41	1	1	1	0
        21	2026-05-10 15:18:15	1	1	1	0
        92	2026-05-10 15:20:55	1	0	1	0
        55	2026-05-10 15:21:02	1	0	1	0
       107	2026-05-10 15:21:05	1	0	1	0
        41	2026-05-10 15:46:02	1	0	1	0
        19	2026-05-10 15:50:23	1	0	1	0
        53	2026-05-10 15:55:00	1	0	15	0
        73	2026-05-10 15:58:06	1	0	1	0
        93	2026-05-10 16:09:13	1	0	1	0
       135	2026-05-10 16:19:24	1	0	1	0
       134	2026-05-10 16:39:25	1	0	1	0
       133	2026-05-10 16:39:32	1	0	1	0
        91	2026-05-10 16:44:24	1	0	1	0
        39	2026-05-10 16:52:17	1	0	1	0
       123	2026-05-10 17:00:02	1	0	1	0
       109	2026-05-10 17:02:09	1	0	1	0
         7	2026-05-10 17:03:26	1	0	1	0
        14	2026-05-10 17:04:40	1	0	1	0
         4	2026-05-10 17:10:30	1	0	1	0
        90	2026-05-10 17:16:35	1	0	1	0
         3	2026-05-10 17:25:37	1	0	1	0
       104	2026-05-10 18:06:59	1	1	1	0
        82	2026-05-10 20:06:01	1	1	1	0
       122	2026-05-10 20:17:51	1	1	1	0
        91	2026-05-10 20:56:46	1	1	1	0
       123	2026-05-10 20:57:20	1	1	1	0
       109	2026-05-10 20:58:08	1	1	1	0
       133	2026-05-10 21:00:16	1	1	1	0
        70	2026-05-10 21:06:56	1	1	1	0
        39	2026-05-10 21:11:29	1	1	1	0
        72	2026-05-10 21:30:40	1	1	1	0
        40	2026-05-10 22:11:01	1	1	1	0
        14	2026-05-10 22:27:02	1	1	1	0
       134	2026-05-10 22:57:58	1	1	1	0
        21	2026-05-10 22:59:51	1	1	1	0
       135	2026-05-10 22:59:55	1	1	1	0
        41	2026-05-10 23:00:11	1	1	1	0
       138	2026-05-10 23:03:03	1	1	1	0
       106	2026-05-10 23:04:16	1	1	1	0
        98	2026-05-10 23:20:15	1	1	1	0
        53	2026-05-10 23:31:48	1	1	15	0
       128	2026-05-10 23:36:46	1	1	1	0
        92	2026-05-11 00:01:36	1	1	1	0
        55	2026-05-11 00:01:48	1	1	1	0
       107	2026-05-11 00:01:50	1	1	1	0
       112	2026-05-11 00:02:43	1	1	1	0
        26	2026-05-11 00:02:49	1	1	1	0
        93	2026-05-11 00:14:08	1	1	1	0
         5	2026-05-11 00:17:09	1	1	1	0
        61	2026-05-11 06:02:23	1	1	1	0
       105	2026-05-11 06:02:36	1	1	1	0
        40	2026-05-11 06:51:51	1	0	1	0
        13	2026-05-11 06:52:18	1	0	15	0
       127	2026-05-11 07:52:04	1	0	1	0
        90	2026-05-11 08:31:38	1	0	1	0
        70	2026-05-11 08:43:16	1	0	1	0
        53	2026-05-11 08:44:03	1	0	15	0
       104	2026-05-11 10:05:59	1	0	1	0
       122	2026-05-11 11:55:38	1	0	1	0
        82	2026-05-11 11:56:14	1	0	1	0
        72	2026-05-11 14:57:08	1	0	1	0
       128	2026-05-11 14:59:19	1	0	1	0
         8	2026-05-11 15:01:27	1	0	1	0
        61	2026-05-11 15:01:49	1	0	1	0
       105	2026-05-11 15:01:58	1	0	1	0
        13	2026-05-11 15:07:32	1	0	1	0
        98	2026-05-11 15:11:01	1	0	1	0
       106	2026-05-11 15:21:22	1	0	1	0
        26	2026-05-11 15:29:22	1	0	1	0
        21	2026-05-11 15:35:18	1	0	1	0
        41	2026-05-11 15:35:21	1	0	1	0
       134	2026-05-11 15:43:00	1	0	1	0
        53	2026-05-11 15:44:39	1	0	15	0
       127	2026-05-11 15:49:38	1	1	1	0
        40	2026-05-11 15:50:36	1	1	1	0
        73	2026-05-11 15:59:21	1	0	1	0
        70	2026-05-11 16:22:36	1	1	1	0
       135	2026-05-11 16:27:07	1	0	1	0
        39	2026-05-11 16:51:11	1	0	1	0
        90	2026-05-11 16:51:55	1	0	1	0
       133	2026-05-11 16:53:39	1	0	1	0
        91	2026-05-11 16:55:27	1	0	1	0
       123	2026-05-11 17:01:14	1	0	1	0
        14	2026-05-11 17:03:30	1	0	1	0
         4	2026-05-11 17:09:59	1	0	1	0
       109	2026-05-11 17:15:18	1	0	1	0
         3	2026-05-11 17:27:19	1	0	1	0
       104	2026-05-11 18:01:52	1	1	1	0
         3	2026-05-11 19:34:06	1	1	1	0
        82	2026-05-11 20:08:13	1	1	1	0
       122	2026-05-11 20:19:40	1	1	1	0
       135	2026-05-11 20:28:30	1	1	1	0
       134	2026-05-11 20:30:37	1	1	1	0
        91	2026-05-11 20:32:26	1	1	1	0
       133	2026-05-11 20:54:58	1	1	1	0
       123	2026-05-11 20:58:24	1	1	1	0
        39	2026-05-11 21:07:50	1	1	1	0
        14	2026-05-11 21:18:39	1	1	1	0
        72	2026-05-11 22:07:56	1	1	1	0
        53	2026-05-11 22:33:22	1	1	15	0
       106	2026-05-11 22:56:15	1	1	1	0
       138	2026-05-11 23:00:18	1	1	1	0
        41	2026-05-11 23:01:43	1	1	1	0
        21	2026-05-11 23:01:51	1	1	1	0
        98	2026-05-11 23:02:02	1	1	1	0
       128	2026-05-11 23:15:58	1	1	1	0
        19	2026-05-11 23:27:29	1	1	1	0
         8	2026-05-11 23:54:22	1	1	1	0
        73	2026-05-11 23:55:15	1	1	1	0
        26	2026-05-12 00:06:44	1	1	1	0
        55	2026-05-12 00:06:49	1	1	1	0
        92	2026-05-12 00:06:58	1	1	1	0
       107	2026-05-12 00:07:16	1	1	1	0
       112	2026-05-12 00:07:26	1	1	1	0
         5	2026-05-12 00:07:51	1	1	1	0
        93	2026-05-12 00:07:54	1	1	1	0
        61	2026-05-12 06:05:16	1	1	1	0
       105	2026-05-12 06:05:22	1	1	1	0
        13	2026-05-12 07:14:16	1	1	1	0
       127	2026-05-12 07:52:23	1	0	1	0
        90	2026-05-12 08:16:31	1	0	1	0
       104	2026-05-12 10:02:29	1	0	1	0
        70	2026-05-12 11:53:12	1	0	1	0
        82	2026-05-12 11:54:35	1	0	1	0
       122	2026-05-12 12:01:43	1	0	1	0
        40	2026-05-12 13:55:19	1	0	1	0
       128	2026-05-12 14:42:56	1	0	1	0
         8	2026-05-12 14:48:32	1	0	1	0
       138	2026-05-12 14:51:36	1	0	1	0
       105	2026-05-12 15:03:44	1	0	1	0
        61	2026-05-12 15:03:46	1	0	1	0
       106	2026-05-12 15:15:25	1	0	1	0
        41	2026-05-12 15:18:32	1	0	1	0
         5	2026-05-12 15:20:16	1	0	1	0
        26	2026-05-12 15:20:32	1	0	1	0
        98	2026-05-12 15:22:04	1	0	1	0
        55	2026-05-12 15:22:27	1	0	1	0
        92	2026-05-12 15:22:29	1	0	1	0
       107	2026-05-12 15:22:37	1	0	1	0
       112	2026-05-12 15:22:39	1	0	1	0
       127	2026-05-12 15:25:57	1	1	1	0
        53	2026-05-12 15:27:28	1	1	15	0
       134	2026-05-12 15:50:15	1	1	1	0
        19	2026-05-12 15:52:04	1	1	1	0
        73	2026-05-12 15:52:13	1	0	1	0
       135	2026-05-12 16:22:29	1	0	1	0
        21	2026-05-12 16:27:55	1	0	1	0
        91	2026-05-12 16:32:03	1	0	1	0
       133	2026-05-12 16:41:57	1	0	1	0
        72	2026-05-12 16:54:41	1	0	1	0
        39	2026-05-12 16:58:22	1	0	1	0
       123	2026-05-12 17:02:04	1	0	1	0
        14	2026-05-12 17:03:31	1	0	1	0
       109	2026-05-12 17:03:57	1	0	1	0
        90	2026-05-12 17:13:14	1	0	1	0
         4	2026-05-12 17:16:23	1	0	1	0
       104	2026-05-12 18:09:13	1	1	1	0
        82	2026-05-12 20:01:51	1	1	1	0
       122	2026-05-12 20:28:47	1	1	1	0
       135	2026-05-12 20:42:48	1	1	1	0
        91	2026-05-12 20:48:57	1	1	1	0
       109	2026-05-12 20:53:13	1	1	1	0
        39	2026-05-12 21:02:12	1	1	1	0
       123	2026-05-12 21:05:36	1	1	1	0
       133	2026-05-12 21:51:12	1	1	1	0
        72	2026-05-12 22:03:41	1	1	1	0
        40	2026-05-12 22:06:04	1	1	1	0
        14	2026-05-12 22:11:13	1	1	1	0
        98	2026-05-12 22:55:53	1	1	1	0
       106	2026-05-12 23:00:17	1	1	1	0
        41	2026-05-12 23:01:00	1	1	1	0
       138	2026-05-12 23:05:15	1	1	1	0
       134	2026-05-12 23:10:16	1	1	1	0
        53	2026-05-12 23:14:00	1	1	15	0
        19	2026-05-12 23:24:37	1	1	1	0
        21	2026-05-12 23:27:40	1	1	1	0
       128	2026-05-12 23:37:03	1	1	1	0
        92	2026-05-12 23:53:49	1	1	1	0
         8	2026-05-12 23:55:11	1	1	1	0
        26	2026-05-12 23:55:23	1	1	1	0
       107	2026-05-12 23:55:29	1	1	1	0
        55	2026-05-12 23:55:32	1	1	1	0
       112	2026-05-12 23:55:34	1	1	1	0
         5	2026-05-12 23:59:06	1	1	1	0
        93	2026-05-13 00:03:23	1	1	1	0
        70	2026-05-13 00:10:05	1	1	1	0
        61	2026-05-13 06:06:21	1	1	1	0
       105	2026-05-13 06:06:23	1	1	1	0
        13	2026-05-13 06:43:16	1	1	1	0
        90	2026-05-13 08:20:18	1	1	1	0
        70	2026-05-13 09:08:00	1	0	1	0
       104	2026-05-13 10:12:59	1	0	1	0
       122	2026-05-13 11:57:44	1	0	1	0
        82	2026-05-13 11:58:15	1	0	1	0
        40	2026-05-13 13:53:26	1	0	1	0
         8	2026-05-13 14:51:52	1	0	1	0
       138	2026-05-13 14:52:21	1	0	1	0
        98	2026-05-13 15:00:15	1	0	1	0
       106	2026-05-13 15:02:27	1	0	1	0
        61	2026-05-13 15:03:52	1	0	1	0
       105	2026-05-13 15:03:54	1	0	1	0
       128	2026-05-13 15:07:20	1	0	1	0
        26	2026-05-13 15:17:17	1	0	1	0
        55	2026-05-13 15:19:52	1	0	1	0
        92	2026-05-13 15:19:54	1	0	1	0
       107	2026-05-13 15:20:01	1	0	1	0
       112	2026-05-13 15:20:04	1	0	1	0
        21	2026-05-13 15:27:41	1	0	1	0
         5	2026-05-13 15:28:06	1	0	1	0
        41	2026-05-13 15:58:34	1	0	1	0
        93	2026-05-13 16:01:41	1	0	1	0
        73	2026-05-13 16:04:11	1	0	1	0
        90	2026-05-13 16:13:41	1	0	1	0
        72	2026-05-13 16:20:31	1	0	1	0
       127	2026-05-13 16:42:40	1	0	1	0
       135	2026-05-13 16:42:48	1	0	1	0
       133	2026-05-13 16:45:44	1	0	1	0
        39	2026-05-13 16:49:33	1	0	1	0
         3	2026-05-13 16:52:10	1	0	1	0
       123	2026-05-13 16:53:42	1	0	1	0
        91	2026-05-13 17:01:20	1	0	1	0
       109	2026-05-13 17:03:49	1	0	1	0
        14	2026-05-13 17:10:43	1	0	1	0
         7	2026-05-13 17:11:34	1	0	1	0
        70	2026-05-13 17:19:03	1	1	1	0
         4	2026-05-13 17:24:45	1	1	1	0
       104	2026-05-13 18:03:35	1	1	1	0
        82	2026-05-13 20:12:30	1	1	1	0
       135	2026-05-13 20:28:29	1	1	1	0
        91	2026-05-13 20:45:00	1	1	1	0
       123	2026-05-13 20:45:11	1	1	1	0
       133	2026-05-13 20:52:17	1	1	1	0
       109	2026-05-13 20:59:06	1	1	1	0
        39	2026-05-13 21:02:04	1	1	1	0
        14	2026-05-13 21:21:08	1	1	1	0
       122	2026-05-13 21:23:42	1	1	1	0
       127	2026-05-13 21:24:29	1	1	1	0
        40	2026-05-13 22:21:39	1	1	1	0
        41	2026-05-13 23:04:21	1	1	1	0
        21	2026-05-13 23:04:32	1	1	1	0
       138	2026-05-13 23:04:56	1	1	1	0
       106	2026-05-13 23:06:40	1	1	1	0
        98	2026-05-13 23:08:22	1	1	1	0
        72	2026-05-13 23:08:28	1	1	1	0
        19	2026-05-13 23:15:45	1	1	1	0
        53	2026-05-13 23:16:36	1	1	15	0
       128	2026-05-13 23:27:30	1	1	1	0
        73	2026-05-13 23:45:51	1	1	1	0
        93	2026-05-13 23:52:02	1	1	1	0
         8	2026-05-13 23:56:54	1	1	1	0
        92	2026-05-14 00:01:43	1	1	1	0
        55	2026-05-14 00:02:21	1	1	1	0
       107	2026-05-14 00:02:23	1	1	1	0
       112	2026-05-14 00:02:27	1	1	1	0
        26	2026-05-14 00:02:31	1	1	1	0
        61	2026-05-14 06:07:58	1	1	1	0
       105	2026-05-14 06:08:00	1	1	1	0
       127	2026-05-14 07:39:19	1	0	1	0
        40	2026-05-14 07:44:56	1	0	1	0
        90	2026-05-14 08:24:36	1	0	1	0
       104	2026-05-14 09:56:18	1	0	1	0
        82	2026-05-14 11:55:21	1	0	1	0
        70	2026-05-14 11:58:21	1	0	1	0
       122	2026-05-14 12:05:43	1	0	1	0
       127	2026-05-14 12:30:06	1	1	1	0
         8	2026-05-14 14:55:49	1	1	1	0
       105	2026-05-14 14:59:06	1	1	1	0
        61	2026-05-14 14:59:08	1	1	1	0
        98	2026-05-14 15:05:00	1	0	1	0
       128	2026-05-14 15:06:56	1	0	1	0
       106	2026-05-14 15:07:32	1	0	1	0
       138	2026-05-14 15:07:50	1	0	1	0
        21	2026-05-14 15:15:18	1	0	1	0
        53	2026-05-14 15:15:50	1	0	15	0
        26	2026-05-14 15:20:23	1	0	1	0
         5	2026-05-14 15:26:44	1	0	1	0
        41	2026-05-14 15:32:55	1	0	1	0
        90	2026-05-14 16:04:48	1	0	1	0
        73	2026-05-14 16:04:55	1	0	1	0
        19	2026-05-14 16:08:10	1	0	1	0
        40	2026-05-14 16:15:40	1	1	1	0
       135	2026-05-14 16:17:42	1	0	1	0
       133	2026-05-14 16:20:39	1	0	1	0
         3	2026-05-14 16:33:12	1	0	1	0
        72	2026-05-14 16:54:20	1	0	1	0
       109	2026-05-14 16:57:23	1	0	1	0
        91	2026-05-14 17:03:29	1	0	1	0
        39	2026-05-14 17:04:25	1	0	1	0
        14	2026-05-14 17:05:40	1	0	1	0
         4	2026-05-14 17:10:30	1	0	1	0
         7	2026-05-14 17:37:20	1	0	1	0
       104	2026-05-14 18:02:53	1	1	1	0
       109	2026-05-14 19:01:40	1	1	1	0
        82	2026-05-14 20:06:52	1	1	1	0
       122	2026-05-14 20:20:03	1	1	1	0
       135	2026-05-14 20:26:23	1	1	1	0
       133	2026-05-14 20:41:59	1	1	1	0
        91	2026-05-14 20:58:05	1	1	1	0
        70	2026-05-14 21:05:15	1	1	1	0
        39	2026-05-14 21:05:26	1	1	1	0
        53	2026-05-14 22:59:25	1	1	15	0
       138	2026-05-14 23:00:11	1	1	1	0
       106	2026-05-14 23:00:20	1	1	1	0
        72	2026-05-14 23:00:46	1	1	1	0
        14	2026-05-14 23:01:55	1	1	1	0
        98	2026-05-14 23:02:27	1	1	1	0
       128	2026-05-14 23:11:03	1	1	1	0
        41	2026-05-14 23:19:07	1	1	1	0
        19	2026-05-14 23:45:25	1	1	1	0
        93	2026-05-14 23:56:49	1	1	1	0
         8	2026-05-14 23:59:53	1	1	1	0
        92	2026-05-15 00:00:05	1	1	1	0
       107	2026-05-15 00:00:37	1	1	1	0
        26	2026-05-15 00:00:43	1	1	1	0
       112	2026-05-15 00:00:46	1	1	1	0
         5	2026-05-15 00:05:51	1	1	1	0
        21	2026-05-15 00:17:59	1	1	1	0
        73	2026-05-15 00:36:31	1	1	1	0
        90	2026-05-15 09:34:59	1	0	1	0
       105	2026-05-15 15:11:09	1	0	1	0
        61	2026-05-15 15:11:12	1	0	1	0
        13	2026-05-15 15:15:30	1	0	1	0
        90	2026-05-15 15:18:12	1	0	1	0
        73	2026-05-15 15:45:29	1	0	1	0
        19	2026-05-15 15:57:11	1	0	1	0
        16	2026-05-15 16:00:09	1	0	1	0
         5	2026-05-15 16:38:39	1	0	1	0
        16	2026-05-15 21:54:52	1	0	1	0
        73	2026-05-15 21:58:36	1	1	1	0
        19	2026-05-15 23:15:13	1	1	1	0
        61	2026-05-15 23:56:46	1	1	1	0
       105	2026-05-15 23:56:48	1	1	1	0
         5	2026-05-16 00:01:15	1	1	1	0
        26	2026-05-16 06:17:20	1	1	1	0
         8	2026-05-16 06:24:54	1	1	1	0
       106	2026-05-16 07:56:38	1	1	1	0
        70	2026-05-16 07:57:32	1	0	1	0
       128	2026-05-16 08:07:50	1	0	1	0
       104	2026-05-16 10:07:32	1	0	1	0
        82	2026-05-16 11:56:35	1	0	1	0
        40	2026-05-16 13:52:31	1	0	1	0
       138	2026-05-16 14:47:54	1	0	1	0
        16	2026-05-16 14:59:07	1	0	1	0
        77	2026-05-16 15:00:41	1	0	1	0
         8	2026-05-16 15:04:00	1	0	1	0
        26	2026-05-16 15:04:03	1	0	1	0
        98	2026-05-16 15:21:48	1	0	1	0
         5	2026-05-16 15:22:29	1	0	1	0
        92	2026-05-16 15:27:56	1	0	1	0
       107	2026-05-16 15:27:58	1	0	1	0
       112	2026-05-16 15:28:00	1	0	1	0
        21	2026-05-16 15:36:39	1	0	1	0
        41	2026-05-16 15:40:32	1	0	1	0
        19	2026-05-16 15:59:39	1	0	1	0
        73	2026-05-16 15:59:54	1	0	1	0
       106	2026-05-16 16:08:08	1	0	1	0
        70	2026-05-16 16:09:00	1	1	1	0
       128	2026-05-16 16:12:20	1	1	1	0
       135	2026-05-16 16:25:57	1	0	1	0
       133	2026-05-16 16:45:14	1	0	1	0
       109	2026-05-16 16:47:49	1	0	1	0
        39	2026-05-16 16:50:26	1	0	1	0
        91	2026-05-16 16:51:01	1	0	1	0
       123	2026-05-16 17:01:27	1	0	1	0
        37	2026-05-16 17:02:08	1	0	1	0
        14	2026-05-16 17:04:26	1	0	1	0
         7	2026-05-16 17:08:41	1	0	1	0
         4	2026-05-16 17:26:18	1	0	1	0
       104	2026-05-16 18:01:06	1	1	1	0
        91	2026-05-16 19:43:34	1	1	1	0
        82	2026-05-16 20:06:43	1	1	1	0
       135	2026-05-16 20:29:06	1	1	1	0
       133	2026-05-16 20:45:04	1	1	1	0
        37	2026-05-16 20:53:02	1	1	1	0
       123	2026-05-16 20:55:13	1	1	1	0
       109	2026-05-16 20:58:33	1	1	1	0
        39	2026-05-16 21:13:52	1	1	1	0
        40	2026-05-16 22:10:21	1	1	1	0
        77	2026-05-16 23:02:33	1	1	1	0
        98	2026-05-16 23:02:37	1	1	1	0
        16	2026-05-16 23:04:41	1	1	1	0
       138	2026-05-16 23:09:16	1	1	1	0
        41	2026-05-16 23:30:17	1	1	1	0
        21	2026-05-16 23:31:31	1	1	1	0
        19	2026-05-16 23:34:55	1	1	1	0
        14	2026-05-16 23:45:25	1	1	1	0
        73	2026-05-16 23:52:10	1	1	1	0
        92	2026-05-17 00:00:21	1	1	1	0
        55	2026-05-17 00:00:34	1	1	1	0
       107	2026-05-17 00:00:36	1	1	1	0
       112	2026-05-17 00:00:39	1	1	1	0
         5	2026-05-17 00:01:52	1	1	1	0
        61	2026-05-17 06:36:55	1	1	1	0
       105	2026-05-17 06:36:58	1	1	1	0
        13	2026-05-17 06:37:43	1	1	1	0
        37	2026-05-17 07:56:29	1	1	1	0
       106	2026-05-17 08:00:45	1	1	1	0
        90	2026-05-17 08:08:00	1	1	1	0
       128	2026-05-17 08:08:34	1	1	1	0
       104	2026-05-17 10:03:09	1	0	1	0
        73	2026-05-17 11:45:10	1	0	1	0
        37	2026-05-17 11:57:40	1	0	1	0
        82	2026-05-17 11:59:11	1	0	1	0
       122	2026-05-17 12:29:47	1	0	1	0
        40	2026-05-17 13:54:09	1	0	1	0
       138	2026-05-17 14:49:20	1	0	1	0
        98	2026-05-17 14:50:59	1	0	1	0
        77	2026-05-17 14:54:48	1	0	1	0
        16	2026-05-17 14:58:45	1	0	1	0
       105	2026-05-17 15:00:09	1	0	1	0
        61	2026-05-17 15:00:11	1	0	1	0
         5	2026-05-17 15:09:31	1	0	1	0
         8	2026-05-17 15:10:00	1	0	1	0
       135	2026-05-17 15:20:04	1	0	1	0
        21	2026-05-17 15:29:39	1	0	1	0
        26	2026-05-17 15:42:56	1	0	1	0
        90	2026-05-17 15:56:31	1	1	1	0
        41	2026-05-17 16:02:16	1	0	1	0
        93	2026-05-17 16:02:49	1	0	1	0
        19	2026-05-17 16:03:04	1	0	1	0
       106	2026-05-17 16:03:37	1	0	1	0
       128	2026-05-17 16:18:08	1	0	1	0
         7	2026-05-17 16:51:45	1	0	1	0
       133	2026-05-17 16:53:28	1	0	1	0
        39	2026-05-17 16:59:53	1	0	1	0
       123	2026-05-17 17:00:56	1	0	1	0
       109	2026-05-17 17:02:46	1	0	1	0
        37	2026-05-17 17:04:53	1	0	1	0
        14	2026-05-17 17:09:11	1	0	1	0
         3	2026-05-17 17:41:30	1	0	1	0
         4	2026-05-17 17:44:04	1	0	1	0
       127	2026-05-17 17:52:01	1	0	1	0
       104	2026-05-17 18:04:40	1	1	1	0
        82	2026-05-17 20:06:20	1	1	15	0
       135	2026-05-17 20:33:12	1	1	1	0
       123	2026-05-17 20:58:51	1	1	1	0
        37	2026-05-17 20:59:04	1	1	1	0
       122	2026-05-17 20:59:51	1	1	1	0
        39	2026-05-17 21:06:38	1	1	1	0
         7	2026-05-17 21:17:53	1	1	1	0
       133	2026-05-17 21:18:48	1	1	1	0
       109	2026-05-17 21:39:40	1	1	1	0
       127	2026-05-17 21:56:21	1	1	1	0
        40	2026-05-17 22:10:56	1	1	1	0
        14	2026-05-17 22:19:36	1	1	1	0
        16	2026-05-17 22:56:47	1	1	1	0
       138	2026-05-17 23:00:06	1	1	1	0
        77	2026-05-17 23:05:09	1	1	1	0
        98	2026-05-17 23:24:45	1	1	1	0
        21	2026-05-17 23:33:09	1	1	1	0
        41	2026-05-17 23:33:13	1	1	1	0
        19	2026-05-17 23:34:37	1	1	1	0
        93	2026-05-17 23:52:48	1	1	1	0
        92	2026-05-17 23:56:05	1	1	1	0
        55	2026-05-17 23:56:45	1	1	1	0
       112	2026-05-17 23:57:09	1	1	1	0
        26	2026-05-17 23:57:14	1	1	1	0
       107	2026-05-17 23:58:04	1	1	1	0
         8	2026-05-17 23:58:09	1	1	1	0
         5	2026-05-18 00:01:47	1	1	1	0
        73	2026-05-18 00:07:41	1	1	1	0
        61	2026-05-18 06:12:00	1	1	1	0
       105	2026-05-18 06:12:02	1	1	1	0
        13	2026-05-18 06:32:53	1	1	1	0
        37	2026-05-18 07:42:54	1	1	1	0
       106	2026-05-18 07:47:22	1	1	1	0
       128	2026-05-18 07:54:30	1	1	1	0
        40	2026-05-18 07:58:56	1	0	1	0
        90	2026-05-18 08:08:55	1	0	1	0
       104	2026-05-18 10:08:16	1	0	1	0
        37	2026-05-18 11:54:45	1	0	1	0
        82	2026-05-18 11:57:45	1	0	1	0
       122	2026-05-18 12:04:40	1	0	1	0
        86	2026-05-18 14:43:50	1	0	1	0
        77	2026-05-18 14:50:16	1	0	1	0
       138	2026-05-18 14:53:11	1	0	1	0
       105	2026-05-18 14:57:09	1	0	1	0
        61	2026-05-18 14:57:10	1	0	1	0
        16	2026-05-18 14:58:57	1	0	1	0
         8	2026-05-18 15:08:27	1	0	1	0
        26	2026-05-18 15:08:43	1	0	1	0
        13	2026-05-18 15:08:53	1	0	15	0
        98	2026-05-18 15:12:35	1	0	1	0
         5	2026-05-18 15:34:02	1	0	1	0
        21	2026-05-18 15:40:36	1	0	1	0
        19	2026-05-18 15:49:51	1	0	1	0
        73	2026-05-18 15:49:59	1	0	1	0
        40	2026-05-18 15:52:14	1	1	1	0
        90	2026-05-18 15:52:18	1	1	1	0
       106	2026-05-18 15:53:53	1	1	1	0
       128	2026-05-18 16:08:28	1	1	1	0
        53	2026-05-18 16:16:10	1	1	15	0
       135	2026-05-18 16:27:29	1	0	1	0
        39	2026-05-18 16:48:20	1	0	1	0
         3	2026-05-18 16:58:21	1	0	1	0
         4	2026-05-18 16:59:11	1	0	1	0
       123	2026-05-18 17:00:31	1	0	1	0
        14	2026-05-18 17:02:30	1	0	1	0
        91	2026-05-18 17:02:36	1	0	1	0
       127	2026-05-18 17:02:48	1	0	1	0
       133	2026-05-18 17:04:00	1	0	1	0
       104	2026-05-18 18:00:47	1	1	1	0
         3	2026-05-18 18:43:59	1	1	1	0
        82	2026-05-18 20:09:03	1	1	1	0
        91	2026-05-18 20:19:58	1	1	1	0
       135	2026-05-18 20:31:35	1	1	1	0
       123	2026-05-18 20:53:06	1	1	1	0
        37	2026-05-18 21:00:29	1	1	1	0
        39	2026-05-18 21:05:18	1	1	1	0
       133	2026-05-18 21:14:04	1	1	1	0
       122	2026-05-18 21:56:50	1	1	1	0
       127	2026-05-18 21:57:17	1	1	1	0
        16	2026-05-18 22:57:28	1	1	1	0
        86	2026-05-18 23:00:40	1	1	1	0
       138	2026-05-18 23:01:09	1	1	1	0
        77	2026-05-18 23:05:27	1	1	1	0
        98	2026-05-18 23:05:30	1	1	1	0
        14	2026-05-18 23:12:57	1	1	1	0
        21	2026-05-18 23:17:10	1	1	1	0
        41	2026-05-18 23:19:15	1	1	1	0
        53	2026-05-18 23:23:07	1	1	15	0
         4	2026-05-18 23:40:16	1	1	1	0
        19	2026-05-18 23:46:28	1	1	1	0
       112	2026-05-19 00:01:22	1	1	1	0
        26	2026-05-19 00:01:32	1	1	1	0
         8	2026-05-19 00:02:21	1	1	1	0
       107	2026-05-19 00:02:24	1	1	1	0
        92	2026-05-19 00:02:27	1	1	1	0
        55	2026-05-19 00:02:32	1	1	1	0
        73	2026-05-19 00:06:30	1	1	1	0
        61	2026-05-19 06:07:24	1	1	1	0
       105	2026-05-19 06:07:27	1	1	1	0
        13	2026-05-19 06:35:44	1	1	1	0
       128	2026-05-19 07:43:40	1	1	1	0
        37	2026-05-19 07:59:44	1	1	1	0
       106	2026-05-19 08:04:04	1	1	1	0
        90	2026-05-19 08:10:54	1	1	1	0
       104	2026-05-19 09:57:16	1	0	1	0
        82	2026-05-19 11:56:54	1	0	1	0
       122	2026-05-19 12:12:31	1	0	1	0
        73	2026-05-19 12:14:45	1	0	1	0
        40	2026-05-19 13:53:38	1	0	1	0
       106	2026-05-19 14:01:20	1	0	1	0
         8	2026-05-19 14:44:25	1	0	1	0
       138	2026-05-19 14:51:13	1	0	1	0
       105	2026-05-19 14:56:27	1	0	1	0
        61	2026-05-19 14:56:29	1	0	1	0
        98	2026-05-19 14:57:00	1	0	1	0
        77	2026-05-19 14:59:13	1	0	1	0
        16	2026-05-19 14:59:47	1	0	1	0
        13	2026-05-19 15:05:31	1	0	15	0
        53	2026-05-19 15:19:52	1	0	15	0
        26	2026-05-19 15:23:47	1	0	1	0
        92	2026-05-19 15:23:59	1	0	1	0
        55	2026-05-19 15:24:13	1	0	1	0
       107	2026-05-19 15:24:16	1	0	1	0
       112	2026-05-19 15:24:30	1	0	1	0
        19	2026-05-19 15:56:46	1	0	1	0
        41	2026-05-19 16:02:32	1	0	1	0
         5	2026-05-19 16:04:39	1	0	1	0
        21	2026-05-19 16:10:18	1	0	1	0
       135	2026-05-19 16:20:46	1	0	1	0
       128	2026-05-19 16:21:21	1	0	1	0
       133	2026-05-19 16:23:05	1	0	1	0
        39	2026-05-19 16:54:51	1	0	1	0
        90	2026-05-19 17:02:30	1	0	1	0
        37	2026-05-19 17:02:54	1	0	1	0
        14	2026-05-19 17:04:45	1	0	1	0
       127	2026-05-19 17:14:08	1	0	1	0
         4	2026-05-19 17:18:10	1	0	1	0
         3	2026-05-19 17:31:51	1	0	1	0
       104	2026-05-19 18:03:28	1	1	1	0
        82	2026-05-19 20:02:56	1	1	1	0
        37	2026-05-19 20:58:07	1	1	1	0
       133	2026-05-19 21:10:20	1	1	1	0
        39	2026-05-19 21:11:21	1	1	1	0
       135	2026-05-19 21:40:45	1	1	1	0
         4	2026-05-19 21:47:12	1	1	1	0
        40	2026-05-19 21:57:30	1	1	1	0
       127	2026-05-19 22:03:57	1	1	1	0
       122	2026-05-19 22:04:02	1	1	1	0
        41	2026-05-19 22:15:18	1	1	1	0
        14	2026-05-19 22:26:09	1	1	1	0
        16	2026-05-19 22:58:01	1	1	1	0
       138	2026-05-19 22:59:25	1	1	1	0
        77	2026-05-19 23:01:21	1	1	1	0
        21	2026-05-19 23:11:29	1	1	1	0
        98	2026-05-19 23:13:11	1	1	1	0
        53	2026-05-19 23:13:23	1	1	15	0
        19	2026-05-19 23:42:37	1	1	1	0
        93	2026-05-19 23:55:50	1	1	1	0
        92	2026-05-19 23:56:53	1	1	1	0
        55	2026-05-19 23:57:09	1	1	1	0
        26	2026-05-19 23:57:11	1	1	1	0
         8	2026-05-19 23:57:26	1	1	1	0
       107	2026-05-19 23:57:29	1	1	1	0
       112	2026-05-19 23:57:38	1	1	1	0
        73	2026-05-19 23:57:50	1	1	1	0
        13	2026-05-19 23:58:33	1	1	1	0
         5	2026-05-20 00:01:09	1	1	1	0
        61	2026-05-20 06:11:32	1	1	1	0
       105	2026-05-20 06:11:37	1	1	1	0
        13	2026-05-20 06:47:32	1	1	1	0
       128	2026-05-20 07:37:27	1	1	1	0
       106	2026-05-20 07:41:53	1	1	1	0
        37	2026-05-20 07:46:30	1	1	1	0
        90	2026-05-20 08:11:35	1	0	1	0
       104	2026-05-20 10:06:49	1	0	1	0
        73	2026-05-20 10:27:27	1	0	1	0
        37	2026-05-20 11:53:46	1	0	1	0
        82	2026-05-20 11:58:11	1	0	1	0
       122	2026-05-20 12:35:50	1	0	1	0
        40	2026-05-20 13:54:28	1	0	1	0
        77	2026-05-20 14:50:54	1	0	1	0
       138	2026-05-20 14:52:10	1	0	1	0
        61	2026-05-20 14:55:17	1	0	1	0
       105	2026-05-20 14:55:20	1	0	1	0
        16	2026-05-20 14:59:47	1	0	1	0
        98	2026-05-20 14:59:50	1	0	1	0
         8	2026-05-20 15:02:11	1	0	1	0
        21	2026-05-20 15:04:25	1	0	1	0
        55	2026-05-20 15:23:31	1	0	1	0
       112	2026-05-20 15:23:35	1	0	1	0
        26	2026-05-20 15:29:41	1	0	1	0
        41	2026-05-20 15:32:30	1	0	1	0
        53	2026-05-20 15:34:05	1	0	15	0
        19	2026-05-20 15:52:02	1	0	1	0
       106	2026-05-20 16:05:40	1	0	1	0
       128	2026-05-20 16:10:46	1	0	1	0
       135	2026-05-20 16:27:59	1	0	1	0
        39	2026-05-20 16:43:39	1	0	1	0
       133	2026-05-20 16:54:49	1	0	1	0
       123	2026-05-20 16:56:12	1	0	1	0
        37	2026-05-20 17:00:40	1	0	1	0
        90	2026-05-20 17:03:55	1	0	1	0
        14	2026-05-20 17:04:32	1	0	1	0
        91	2026-05-20 17:11:08	1	0	1	0
         4	2026-05-20 17:16:22	1	0	1	0
       127	2026-05-20 17:28:25	1	0	1	0
       104	2026-05-20 18:03:45	1	1	1	0
        82	2026-05-20 20:03:42	1	1	1	0
        91	2026-05-20 20:49:00	1	1	1	0
       135	2026-05-20 20:50:06	1	1	1	0
        37	2026-05-20 20:55:14	1	1	1	0
       123	2026-05-20 20:57:04	1	1	1	0
        39	2026-05-20 21:04:31	1	1	1	0
        40	2026-05-20 21:31:02	1	1	1	0
       122	2026-05-20 21:55:15	1	1	1	0
       127	2026-05-20 21:55:26	1	1	1	0
        14	2026-05-20 22:43:18	1	1	1	0
        16	2026-05-20 22:56:37	1	1	1	0
       133	2026-05-20 22:57:12	1	1	1	0
       138	2026-05-20 23:02:45	1	1	1	0
        41	2026-05-20 23:06:34	1	1	1	0
        77	2026-05-20 23:07:11	1	1	1	0
        98	2026-05-20 23:16:49	1	1	1	0
        53	2026-05-20 23:19:20	1	1	15	0
        19	2026-05-20 23:33:55	1	1	1	0
        73	2026-05-20 23:51:26	1	1	1	0
        93	2026-05-20 23:59:40	1	1	1	0
        55	2026-05-20 23:59:53	1	1	1	0
        92	2026-05-20 23:59:59	1	1	1	0
         8	2026-05-21 00:01:41	1	1	1	0
       107	2026-05-21 00:01:44	1	1	1	0
       112	2026-05-21 00:01:49	1	1	1	0
         5	2026-05-21 00:02:13	1	1	1	0
        21	2026-05-21 00:02:26	1	1	1	0
        61	2026-05-21 05:52:28	1	1	1	0
       105	2026-05-21 05:52:31	1	1	1	0
        13	2026-05-21 06:24:57	1	1	1	0
        40	2026-05-21 07:36:20	1	0	1	0
        37	2026-05-21 07:59:23	1	0	1	0
       128	2026-05-21 08:02:22	1	0	1	0
       106	2026-05-21 08:05:52	1	0	1	0
       104	2026-05-21 10:05:23	1	0	1	0
        82	2026-05-21 11:56:36	1	0	1	0
        37	2026-05-21 11:59:26	1	0	1	0
       122	2026-05-21 12:03:58	1	0	1	0
        73	2026-05-21 14:21:25	1	0	1	0
       138	2026-05-21 14:53:31	1	0	1	0
        61	2026-05-21 14:55:44	1	0	1	0
       105	2026-05-21 14:55:47	1	0	1	0
        77	2026-05-21 14:57:10	1	0	1	0
        16	2026-05-21 14:59:28	1	0	1	0
         8	2026-05-21 14:59:44	1	0	1	0
        98	2026-05-21 15:03:58	1	0	1	0
        92	2026-05-21 15:10:37	1	0	1	0
       112	2026-05-21 15:10:39	1	0	1	0
        55	2026-05-21 15:10:42	1	0	1	0
       107	2026-05-21 15:10:46	1	0	1	0
         5	2026-05-21 15:24:11	1	0	1	0
        41	2026-05-21 15:36:45	1	0	1	0
        26	2026-05-21 15:41:21	1	0	1	0
        19	2026-05-21 15:57:30	1	0	1	0
       106	2026-05-21 16:00:56	1	0	1	0
        40	2026-05-21 16:07:08	1	1	1	0
        21	2026-05-21 16:13:05	1	0	1	0
       135	2026-05-21 16:28:12	1	0	1	0
       133	2026-05-21 16:37:43	1	0	1	0
        39	2026-05-21 16:50:10	1	0	1	0
       128	2026-05-21 16:52:19	1	0	1	0
        14	2026-05-21 17:02:27	1	0	1	0
        37	2026-05-21 17:08:44	1	0	1	0
         4	2026-05-21 17:10:23	1	0	1	0
         3	2026-05-21 17:22:04	1	0	1	0
       127	2026-05-21 17:33:09	1	0	1	0
       104	2026-05-21 18:03:19	1	1	1	0
         3	2026-05-21 18:39:55	1	1	1	0
        82	2026-05-21 20:00:14	1	1	1	0
        37	2026-05-21 20:07:57	1	1	1	0
       135	2026-05-21 20:38:53	1	1	1	0
       133	2026-05-21 20:53:25	1	1	1	0
       122	2026-05-21 21:55:51	1	1	1	0
       127	2026-05-21 21:56:01	1	1	1	0
        16	2026-05-21 22:01:35	1	1	1	0
        39	2026-05-21 22:21:58	1	1	1	0
        14	2026-05-21 22:39:10	1	1	1	0
        77	2026-05-21 23:02:48	1	1	1	0
        41	2026-05-21 23:03:04	1	1	1	0
        53	2026-05-21 23:03:13	1	1	15	0
        21	2026-05-21 23:06:37	1	1	1	0
       138	2026-05-21 23:14:42	1	1	1	0
        98	2026-05-21 23:16:33	1	1	1	0
        19	2026-05-21 23:35:55	1	1	1	0
        73	2026-05-21 23:53:25	1	1	1	0
        92	2026-05-21 23:54:32	1	1	1	0
         8	2026-05-21 23:54:59	1	1	1	0
       107	2026-05-21 23:55:03	1	1	1	0
        55	2026-05-21 23:55:16	1	1	1	0
        26	2026-05-21 23:55:17	1	1	1	0
       112	2026-05-21 23:55:34	1	1	1	0
        13	2026-05-22 15:10:37	1	1	1	0
         5	2026-05-22 15:40:53	1	1	1	0
        73	2026-05-22 16:00:00	1	0	1	0
        19	2026-05-22 16:08:55	1	0	1	0
        73	2026-05-22 21:58:05	1	1	1	0
        19	2026-05-22 23:39:21	1	1	1	0
         5	2026-05-23 00:09:03	1	1	1	0
        26	2026-05-23 06:14:08	1	1	1	0
       112	2026-05-23 06:44:19	1	1	1	0
       128	2026-05-23 07:42:33	1	1	1	0
       106	2026-05-23 07:59:53	1	1	1	0
        90	2026-05-23 08:11:55	1	1	1	0
       104	2026-05-23 10:05:38	1	0	1	0
        22	2026-05-23 11:57:29	1	0	1	0
        82	2026-05-23 11:57:46	1	0	1	0
        22	2026-05-23 12:00:05	1	0	1	0
        73	2026-05-23 12:36:45	1	0	1	0
        40	2026-05-23 13:42:35	1	0	1	0
         8	2026-05-23 14:41:37	1	0	1	0
       138	2026-05-23 14:52:57	1	0	1	0
        21	2026-05-23 14:54:21	1	0	1	0
        16	2026-05-23 15:00:58	1	0	1	0
       112	2026-05-23 15:02:39	1	0	1	0
        26	2026-05-23 15:02:44	1	0	1	0
        98	2026-05-23 15:08:21	1	0	1	0
       107	2026-05-23 15:08:24	1	0	1	0
        92	2026-05-23 15:08:34	1	0	1	0
        77	2026-05-23 15:08:37	1	0	1	0
        41	2026-05-23 15:29:27	1	0	1	0
         5	2026-05-23 15:38:10	1	0	1	0
        53	2026-05-23 15:41:28	1	0	15	0
       128	2026-05-23 16:09:37	1	0	1	0
        19	2026-05-23 16:11:33	1	0	1	0
       135	2026-05-23 16:16:34	1	0	1	0
       106	2026-05-23 16:18:41	1	0	1	0
       133	2026-05-23 16:20:22	1	0	1	0
       123	2026-05-23 16:51:38	1	0	1	0
        39	2026-05-23 16:56:19	1	0	1	0
        91	2026-05-23 16:59:32	1	0	1	0
        14	2026-05-23 16:59:48	1	0	1	0
         3	2026-05-23 17:06:52	1	0	1	0
         4	2026-05-23 17:13:31	1	0	1	0
       127	2026-05-23 17:41:23	1	0	1	0
        90	2026-05-23 17:52:21	1	0	1	0
       104	2026-05-23 18:02:51	1	1	1	0
        91	2026-05-23 19:48:31	1	1	1	0
        82	2026-05-23 20:03:45	1	1	1	0
        40	2026-05-23 20:03:53	1	1	1	0
       135	2026-05-23 20:33:39	1	1	1	0
       123	2026-05-23 21:01:16	1	1	1	0
       133	2026-05-23 21:13:21	1	1	1	0
        39	2026-05-23 21:13:47	1	1	1	0
        14	2026-05-23 21:53:58	1	1	1	0
       127	2026-05-23 22:15:30	1	1	1	0
        77	2026-05-23 23:00:36	1	1	1	0
       138	2026-05-23 23:00:44	1	1	1	0
        98	2026-05-23 23:00:50	1	1	1	0
        21	2026-05-23 23:01:21	1	1	1	0
        41	2026-05-23 23:02:21	1	1	1	0
        16	2026-05-23 23:07:32	1	1	1	0
        53	2026-05-23 23:22:34	1	1	15	0
        19	2026-05-23 23:24:58	1	1	1	0
        73	2026-05-23 23:56:54	1	1	1	0
         5	2026-05-23 23:56:58	1	1	1	0
        92	2026-05-23 23:57:19	1	1	1	0
       107	2026-05-23 23:58:07	1	1	1	0
         8	2026-05-23 23:58:14	1	1	1	0
         8	2026-05-24 06:32:56	1	1	1	0
       106	2026-05-24 07:50:01	1	1	1	0
        40	2026-05-24 07:50:58	1	0	1	0
       128	2026-05-24 07:57:39	1	0	1	0
        90	2026-05-24 08:34:01	1	0	1	0
       104	2026-05-24 10:05:10	1	0	1	0
        82	2026-05-24 11:59:25	1	0	1	0
        73	2026-05-24 12:29:59	1	0	1	0
       138	2026-05-24 14:50:40	1	0	1	0
        16	2026-05-24 15:02:46	1	0	1	0
        98	2026-05-24 15:04:20	1	0	1	0
        77	2026-05-24 15:06:59	1	0	1	0
        53	2026-05-24 15:07:07	1	0	15	0
       135	2026-05-24 15:16:23	1	0	1	0
        41	2026-05-24 15:27:02	1	0	1	0
         5	2026-05-24 15:43:03	1	0	1	0
        19	2026-05-24 15:44:05	1	0	1	0
        40	2026-05-24 15:49:15	1	1	1	0
       106	2026-05-24 16:00:03	1	1	1	0
       128	2026-05-24 16:11:21	1	1	1	0
       133	2026-05-24 16:31:41	1	1	1	0
        90	2026-05-24 16:37:33	1	1	1	0
        39	2026-05-24 16:53:45	1	0	1	0
       123	2026-05-24 16:58:42	1	0	1	0
        14	2026-05-24 17:07:46	1	0	1	0
        21	2026-05-24 17:19:21	1	0	1	0
         4	2026-05-24 17:19:30	1	0	1	0
         7	2026-05-24 17:27:33	1	0	1	0
         3	2026-05-24 17:33:03	1	0	1	0
       127	2026-05-24 17:37:05	1	0	1	0
       104	2026-05-24 18:07:51	1	1	1	0
         3	2026-05-24 18:28:40	1	1	1	0
         7	2026-05-24 20:34:50	1	1	1	0
       135	2026-05-24 20:35:07	1	1	1	0
       123	2026-05-24 20:53:18	1	1	1	0
       133	2026-05-24 20:58:15	1	1	1	0
        39	2026-05-24 21:11:09	1	1	1	0
        82	2026-05-24 21:26:19	1	1	1	0
       127	2026-05-24 22:00:02	1	1	1	0
        14	2026-05-24 22:19:31	1	1	1	0
        98	2026-05-24 22:46:01	1	1	1	0
        77	2026-05-24 22:58:01	1	1	1	0
        16	2026-05-24 22:58:36	1	1	1	0
        21	2026-05-24 23:02:56	1	1	1	0
        41	2026-05-24 23:03:26	1	1	1	0
       138	2026-05-24 23:04:06	1	1	1	0
         4	2026-05-24 23:35:58	1	1	1	0
        19	2026-05-24 23:40:54	1	1	1	0
        73	2026-05-24 23:49:07	1	1	1	0
        92	2026-05-24 23:53:44	1	1	1	0
       107	2026-05-24 23:56:43	1	1	1	0
         8	2026-05-24 23:56:47	1	1	1	0
        19	2026-05-25 16:11:06	1	1	1	0
        19	2026-05-25 23:33:55	1	1	1	0
        19	2026-05-26 16:11:22	1	1	1	0
        19	2026-05-26 22:58:49	1	1	1	0
        19	2026-05-27 15:49:20	1	1	1	0
        19	2026-05-27 23:48:40	1	1	1	0
        19	2026-05-28 16:17:17	1	1	1	0
        19	2026-05-28 23:43:36	1	1	1	0
         5	2026-05-29 16:11:16	1	1	1	0
        19	2026-05-29 16:12:28	1	1	1	0
         5	2026-05-29 23:10:07	1	1	1	0
        19	2026-05-29 23:23:21	1	1	1	0
       105	2026-05-30 05:54:44	1	1	1	0
        61	2026-05-30 05:54:46	1	1	1	0
        26	2026-05-30 06:05:47	1	1	1	0
        37	2026-05-30 07:59:30	1	1	1	0
       106	2026-05-30 07:59:48	1	1	1	0
       128	2026-05-30 08:05:30	1	1	1	0
        73	2026-05-30 11:46:42	1	0	1	0
        37	2026-05-30 11:57:40	1	0	1	0
       122	2026-05-30 12:02:43	1	0	1	0
         2	2026-05-30 13:41:41	1	0	1	0
        82	2026-05-30 13:53:00	1	0	1	0
       138	2026-05-30 14:49:47	1	0	1	0
        53	2026-05-30 14:53:12	1	0	15	0
        21	2026-05-30 14:58:19	1	0	1	0
        16	2026-05-30 14:59:51	1	0	1	0
        77	2026-05-30 15:05:22	1	0	1	0
        92	2026-05-30 15:05:39	1	0	1	0
       107	2026-05-30 15:05:46	1	0	1	0
       112	2026-05-30 15:05:59	1	0	1	0
        26	2026-05-30 15:07:34	1	0	1	0
        61	2026-05-30 15:07:41	1	0	1	0
       105	2026-05-30 15:07:57	1	0	1	0
        13	2026-05-30 15:11:50	1	0	15	0
        41	2026-05-30 15:21:45	1	0	1	0
         8	2026-05-30 15:27:29	1	0	1	0
        98	2026-05-30 15:38:41	1	0	1	0
         5	2026-05-30 16:02:30	1	0	1	0
        19	2026-05-30 16:06:15	1	0	1	0
       106	2026-05-30 16:08:55	1	0	1	0
       135	2026-05-30 16:21:10	1	0	1	0
        72	2026-05-30 16:28:08	1	0	1	0
       128	2026-05-30 16:30:31	1	0	1	0
       133	2026-05-30 16:49:22	1	0	1	0
        14	2026-05-30 16:57:14	1	0	1	0
       109	2026-05-30 16:58:10	1	0	1	0
        91	2026-05-30 16:58:34	1	0	1	0
        37	2026-05-30 16:59:30	1	0	1	0
         3	2026-05-30 17:00:21	1	0	1	0
       123	2026-05-30 17:00:33	1	0	1	0
        39	2026-05-30 17:03:56	1	0	1	0
         7	2026-05-30 17:11:19	1	0	1	0
       127	2026-05-30 17:43:25	1	0	1	0
         7	2026-05-30 18:56:29	1	0	1	0
       122	2026-05-30 20:17:13	1	1	1	0
       133	2026-05-30 20:37:13	1	1	1	0
        91	2026-05-30 20:48:46	1	1	1	0
       123	2026-05-30 20:53:10	1	1	1	0
        37	2026-05-30 20:55:27	1	1	1	0
        72	2026-05-30 20:57:02	1	1	1	0
       109	2026-05-30 20:57:12	1	1	1	0
        39	2026-05-30 21:04:34	1	1	1	0
       135	2026-05-30 22:00:17	1	1	1	0
        82	2026-05-30 22:02:29	1	1	1	0
       127	2026-05-30 22:03:15	1	1	1	0
        77	2026-05-30 23:01:30	1	1	1	0
        98	2026-05-30 23:01:35	1	1	1	0
        21	2026-05-30 23:02:50	1	1	1	0
       138	2026-05-30 23:04:20	1	1	1	0
        41	2026-05-30 23:06:17	1	1	1	0
        16	2026-05-30 23:06:21	1	1	1	0
        53	2026-05-30 23:30:09	1	1	15	0
        92	2026-05-30 23:57:26	1	1	1	0
       112	2026-05-30 23:59:59	1	1	1	0
       107	2026-05-31 00:00:23	1	1	1	0
        55	2026-05-31 00:00:27	1	1	1	0
         8	2026-05-31 00:00:31	1	1	1	0
        73	2026-05-31 00:01:42	1	1	1	0
         5	2026-05-31 00:04:32	1	1	1	0
        13	2026-05-31 00:11:57	1	1	1	0
        61	2026-05-31 06:03:58	1	1	1	0
        13	2026-05-31 06:07:46	1	1	1	0
        37	2026-05-31 07:52:11	1	1	1	0
       128	2026-05-31 07:56:50	1	1	1	0
       106	2026-05-31 08:05:14	1	1	1	0
       104	2026-05-31 10:02:20	1	0	1	0
       122	2026-05-31 11:56:27	1	0	1	0
        82	2026-05-31 12:00:15	1	0	1	0
        37	2026-05-31 12:00:42	1	0	1	0
        73	2026-05-31 14:34:21	1	0	1	0
       138	2026-05-31 14:51:24	1	0	1	0
        53	2026-05-31 14:57:54	1	0	15	0
        16	2026-05-31 15:01:25	1	0	1	0
        13	2026-05-31 15:05:44	1	0	1	0
        21	2026-05-31 15:06:13	1	0	1	0
         8	2026-05-31 15:08:53	1	0	1	0
        41	2026-05-31 15:10:03	1	0	1	0
       135	2026-05-31 15:17:31	1	0	1	0
        98	2026-05-31 15:19:42	1	0	1	0
        61	2026-05-31 15:24:21	1	0	1	0
        77	2026-05-31 15:24:26	1	0	1	0
         5	2026-05-31 15:24:58	1	0	1	0
        14	2026-05-31 15:27:01	1	0	1	0
        26	2026-05-31 15:37:11	1	0	1	0
       106	2026-05-31 16:00:49	1	0	1	0
        93	2026-05-31 16:06:04	1	0	1	0
       101	2026-05-31 16:08:01	1	0	1	0
        72	2026-05-31 16:18:31	1	0	1	0
        19	2026-05-31 16:20:04	1	0	1	0
       128	2026-05-31 16:23:36	1	0	1	0
        91	2026-05-31 16:38:00	1	0	1	0
        39	2026-05-31 16:50:50	1	0	1	0
         3	2026-05-31 16:54:00	1	0	1	0
       133	2026-05-31 16:57:24	1	0	1	0
       109	2026-05-31 17:00:54	1	0	1	0
        37	2026-05-31 17:03:24	1	0	1	0
       123	2026-05-31 17:08:42	1	0	1	0
         4	2026-05-31 17:17:05	1	0	1	0
         7	2026-05-31 17:17:43	1	0	1	0
       127	2026-05-31 17:33:18	1	0	1	0
       104	2026-05-31 18:01:23	1	1	1	0
         3	2026-05-31 18:59:17	1	1	1	0
        37	2026-05-31 19:34:40	1	1	1	0
         7	2026-05-31 19:40:11	1	1	1	0
        82	2026-05-31 20:19:42	1	1	1	0
       135	2026-05-31 20:34:19	1	1	1	0
       122	2026-05-31 20:40:45	1	1	1	0
        91	2026-05-31 20:52:35	1	1	1	0
       109	2026-05-31 20:52:38	1	1	1	0
       133	2026-05-31 20:53:05	1	1	1	0
         4	2026-05-31 20:53:21	1	1	1	0
       123	2026-05-31 20:56:41	1	1	1	0
        72	2026-05-31 21:03:10	1	1	1	0
        73	2026-05-31 21:32:09	1	1	1	0
       127	2026-05-31 22:06:35	1	1	1	0
        14	2026-05-31 22:19:56	1	1	1	0
        39	2026-05-31 22:37:49	1	1	1	0
