         9	2026-06-01 05:48:35	1	1	15	0
        13	2026-06-01 05:54:35	1	1	1	0
        61	2026-06-01 06:12:48	1	1	1	0
       105	2026-06-01 06:12:55	1	1	1	0
       106	2026-06-01 07:49:00	1	1	1	0
       128	2026-06-01 07:50:30	1	1	1	0
       101	2026-06-01 07:53:31	1	0	1	0
        37	2026-06-01 07:59:47	1	0	1	0
        90	2026-06-01 08:17:06	1	0	1	0
       104	2026-06-01 10:55:38	1	0	1	0
        37	2026-06-01 11:55:27	1	0	1	0
        82	2026-06-01 11:59:17	1	0	1	0
        98	2026-06-01 12:15:45	1	0	1	0
       138	2026-06-01 14:49:47	1	0	1	0
        16	2026-06-01 14:57:47	1	0	1	0
        73	2026-06-01 14:57:53	1	0	1	0
        77	2026-06-01 15:07:38	1	0	1	0
        13	2026-06-01 15:07:52	1	0	1	0
       137	2026-06-01 15:08:16	1	0	1	0
       122	2026-06-01 15:13:55	1	0	1	0
       105	2026-06-01 15:17:41	1	0	1	0
        61	2026-06-01 15:17:43	1	0	1	0
        41	2026-06-01 15:18:28	1	0	1	0
         8	2026-06-01 15:19:49	1	0	1	0
        92	2026-06-01 15:21:31	1	0	1	0
        55	2026-06-01 15:21:52	1	0	1	0
       112	2026-06-01 15:21:56	1	0	1	0
        26	2026-06-01 15:38:31	1	0	1	0
        21	2026-06-01 15:43:28	1	0	1	0
         9	2026-06-01 15:44:13	1	0	15	0
        19	2026-06-01 15:48:02	1	0	1	0
        72	2026-06-01 16:00:38	1	0	1	0
       101	2026-06-01 16:01:18	1	1	1	0
       106	2026-06-01 16:01:29	1	1	1	0
        93	2026-06-01 16:02:34	1	1	1	0
        53	2026-06-01 16:13:42	1	1	15	0
        90	2026-06-01 16:16:57	1	1	1	0
       128	2026-06-01 16:23:52	1	1	1	0
       135	2026-06-01 16:26:07	1	0	1	0
       134	2026-06-01 16:35:24	1	0	1	0
       127	2026-06-01 16:41:48	1	0	1	0
       133	2026-06-01 16:47:14	1	0	1	0
        39	2026-06-01 16:48:39	1	0	1	0
       123	2026-06-01 16:51:39	1	0	1	0
        91	2026-06-01 16:52:54	1	0	1	0
        37	2026-06-01 16:53:37	1	0	1	0
        14	2026-06-01 16:56:39	1	0	1	0
       109	2026-06-01 16:57:08	1	0	1	0
         7	2026-06-01 17:32:33	1	0	1	0
         4	2026-06-01 18:14:27	1	0	1	0
       104	2026-06-01 19:01:50	1	1	1	0
         7	2026-06-01 19:14:11	1	1	1	0
        82	2026-06-01 20:13:59	1	1	1	0
        98	2026-06-01 20:47:44	1	1	1	0
        91	2026-06-01 20:51:25	1	1	1	0
       109	2026-06-01 20:52:19	1	1	1	0
       123	2026-06-01 20:56:10	1	1	1	0
        37	2026-06-01 21:00:53	1	1	1	0
        39	2026-06-01 21:02:07	1	1	1	0
         4	2026-06-01 21:03:10	1	1	1	0
        72	2026-06-01 21:04:57	1	1	1	0
       133	2026-06-01 21:08:44	1	1	1	0
       135	2026-06-01 21:23:26	1	1	1	0
        14	2026-06-01 21:51:23	1	1	1	0
        16	2026-06-01 22:58:32	1	1	1	0
        21	2026-06-01 22:59:08	1	1	1	0
        41	2026-06-01 23:00:08	1	1	1	0
       138	2026-06-01 23:00:25	1	1	1	0
        77	2026-06-01 23:04:13	1	1	1	0
       122	2026-06-01 23:06:35	1	1	1	0
       127	2026-06-01 23:06:46	1	1	1	0
       134	2026-06-01 23:12:56	1	1	1	0
       137	2026-06-01 23:31:24	1	1	1	0
        53	2026-06-01 23:39:39	1	1	15	0
        19	2026-06-01 23:41:49	1	1	1	0
        92	2026-06-01 23:56:16	1	1	1	0
        55	2026-06-01 23:56:20	1	1	1	0
        26	2026-06-01 23:56:25	1	1	1	0
       112	2026-06-01 23:56:39	1	1	1	0
         8	2026-06-01 23:57:02	1	1	1	0
       107	2026-06-01 23:57:05	1	1	1	0
        93	2026-06-01 23:57:16	1	1	1	0
         5	2026-06-02 00:00:32	1	1	1	0
        73	2026-06-02 00:01:10	1	1	1	0
         9	2026-06-02 06:05:05	1	1	15	0
        13	2026-06-02 06:05:44	1	1	1	0
        61	2026-06-02 06:07:17	1	1	1	0
       105	2026-06-02 06:07:28	1	1	1	0
       106	2026-06-02 07:13:51	1	1	1	0
       128	2026-06-02 07:30:29	1	1	1	0
        37	2026-06-02 07:55:59	1	1	1	0
        90	2026-06-02 08:10:54	1	1	1	0
       104	2026-06-02 10:54:47	1	0	1	0
        37	2026-06-02 11:54:36	1	0	1	0
        82	2026-06-02 11:59:30	1	0	1	0
        98	2026-06-02 12:42:51	1	0	1	0
       101	2026-06-02 12:51:02	1	0	1	0
       138	2026-06-02 14:49:34	1	0	1	0
        16	2026-06-02 14:56:53	1	0	1	0
        77	2026-06-02 14:58:46	1	0	1	0
       137	2026-06-02 15:01:02	1	0	1	0
        61	2026-06-02 15:07:18	1	0	1	0
       105	2026-06-02 15:07:20	1	0	1	0
       135	2026-06-02 15:16:23	1	0	1	0
       122	2026-06-02 15:16:31	1	0	1	0
        41	2026-06-02 15:18:04	1	0	1	0
         8	2026-06-02 15:20:04	1	0	1	0
        92	2026-06-02 15:25:51	1	0	1	0
       107	2026-06-02 15:26:01	1	0	1	0
        55	2026-06-02 15:26:03	1	0	1	0
       112	2026-06-02 15:26:12	1	0	1	0
         9	2026-06-02 15:27:08	1	0	15	0
        21	2026-06-02 15:27:26	1	0	1	0
        26	2026-06-02 15:29:35	1	0	1	0
         5	2026-06-02 15:40:40	1	0	1	0
        73	2026-06-02 15:50:19	1	0	1	0
       106	2026-06-02 16:01:08	1	0	1	0
        19	2026-06-02 16:13:08	1	0	1	0
        14	2026-06-02 16:26:29	1	0	1	0
       128	2026-06-02 16:26:57	1	0	1	0
       134	2026-06-02 16:36:08	1	0	1	0
        72	2026-06-02 16:39:51	1	0	1	0
       127	2026-06-02 16:51:33	1	0	1	0
        39	2026-06-02 16:52:51	1	0	1	0
       133	2026-06-02 17:01:33	1	0	1	0
       109	2026-06-02 17:02:24	1	0	1	0
       123	2026-06-02 17:03:40	1	0	1	0
        90	2026-06-02 17:04:55	1	0	1	0
        53	2026-06-02 17:09:33	1	0	15	0
        91	2026-06-02 17:11:36	1	0	1	0
        37	2026-06-02 17:12:07	1	0	1	0
         4	2026-06-02 17:18:18	1	0	1	0
         3	2026-06-02 17:40:10	1	0	1	0
         7	2026-06-02 17:49:31	1	0	1	0
       104	2026-06-02 19:01:57	1	1	1	0
         7	2026-06-02 19:57:04	1	1	1	0
        82	2026-06-02 20:03:06	1	1	1	0
        98	2026-06-02 20:15:40	1	1	1	0
         3	2026-06-02 20:16:01	1	1	1	0
       109	2026-06-02 20:51:32	1	1	1	0
        91	2026-06-02 20:51:34	1	1	1	0
        37	2026-06-02 20:54:57	1	1	1	0
       123	2026-06-02 20:57:05	1	1	1	0
       135	2026-06-02 20:57:19	1	1	1	0
        72	2026-06-02 20:57:43	1	1	1	0
         4	2026-06-02 21:01:15	1	1	1	0
        39	2026-06-02 21:13:49	1	1	1	0
       127	2026-06-02 21:16:16	1	1	1	0
       133	2026-06-02 21:16:45	1	1	1	0
       101	2026-06-02 21:24:35	1	1	1	0
        16	2026-06-02 22:53:57	1	1	1	0
        77	2026-06-02 22:58:11	1	1	1	0
       122	2026-06-02 22:58:18	1	1	1	0
       138	2026-06-02 23:01:07	1	1	1	0
        41	2026-06-02 23:01:14	1	1	1	0
        21	2026-06-02 23:02:26	1	1	1	0
        53	2026-06-02 23:21:52	1	1	15	0
       134	2026-06-02 23:39:22	1	1	1	0
        14	2026-06-02 23:39:35	1	1	1	0
        19	2026-06-02 23:41:53	1	1	1	0
        92	2026-06-02 23:54:48	1	1	1	0
       107	2026-06-02 23:57:20	1	1	1	0
       112	2026-06-02 23:57:25	1	1	1	0
         8	2026-06-02 23:57:49	1	1	1	0
        26	2026-06-02 23:57:52	1	1	1	0
        73	2026-06-03 00:07:29	1	1	1	0
       137	2026-06-03 00:08:51	1	1	1	0
        61	2026-06-03 05:53:59	1	1	1	0
       105	2026-06-03 05:54:03	1	1	1	0
         9	2026-06-03 06:02:55	1	1	15	0
        13	2026-06-03 06:03:53	1	1	1	0
       106	2026-06-03 07:36:00	1	1	1	0
       101	2026-06-03 07:37:52	1	0	1	0
       128	2026-06-03 07:52:18	1	0	1	0
        37	2026-06-03 07:57:54	1	0	1	0
       104	2026-06-03 09:57:53	1	1	1	0
        37	2026-06-03 11:55:20	1	1	1	0
        82	2026-06-03 12:00:25	1	0	1	0
        98	2026-06-03 12:31:27	1	0	1	0
        16	2026-06-03 14:40:43	1	0	1	0
       138	2026-06-03 14:50:15	1	0	1	0
       137	2026-06-03 14:54:24	1	0	1	0
        77	2026-06-03 15:00:30	1	0	1	0
       105	2026-06-03 15:10:33	1	0	1	0
        61	2026-06-03 15:10:38	1	0	1	0
       122	2026-06-03 15:13:38	1	0	1	0
         8	2026-06-03 15:14:28	1	0	1	0
       107	2026-06-03 15:22:50	1	0	1	0
       112	2026-06-03 15:22:55	1	0	1	0
        26	2026-06-03 15:25:37	1	0	1	0
         9	2026-06-03 15:26:36	1	0	15	0
        14	2026-06-03 15:53:49	1	0	1	0
        19	2026-06-03 15:55:12	1	0	1	0
       101	2026-06-03 15:59:36	1	1	1	0
        21	2026-06-03 16:00:37	1	0	1	0
        73	2026-06-03 16:00:41	1	0	1	0
       128	2026-06-03 16:09:51	1	0	1	0
       106	2026-06-03 16:10:25	1	0	1	0
        41	2026-06-03 16:12:01	1	0	1	0
       123	2026-06-03 16:26:21	1	0	1	0
       134	2026-06-03 16:31:22	1	0	1	0
       135	2026-06-03 16:34:16	1	0	1	0
        72	2026-06-03 16:35:25	1	0	1	0
        53	2026-06-03 16:46:13	1	0	15	0
       127	2026-06-03 16:47:18	1	0	1	0
        91	2026-06-03 16:49:43	1	0	1	0
       133	2026-06-03 16:52:16	1	0	1	0
        39	2026-06-03 16:55:26	1	0	1	0
        37	2026-06-03 16:55:59	1	0	1	0
       109	2026-06-03 17:03:03	1	0	1	0
         4	2026-06-03 17:07:34	1	0	1	0
         7	2026-06-03 17:29:28	1	0	1	0
         3	2026-06-03 17:54:59	1	0	1	0
       104	2026-06-03 19:02:27	1	1	1	0
         3	2026-06-03 19:36:32	1	1	1	0
         7	2026-06-03 20:03:46	1	1	1	0
        82	2026-06-03 20:10:09	1	1	1	0
        98	2026-06-03 20:19:20	1	1	1	0
       133	2026-06-03 20:29:42	1	1	1	0
        91	2026-06-03 20:40:12	1	1	1	0
       135	2026-06-03 20:46:42	1	1	1	0
       123	2026-06-03 20:49:05	1	1	1	0
        37	2026-06-03 20:50:53	1	1	1	0
       109	2026-06-03 20:53:53	1	1	1	0
       127	2026-06-03 21:06:24	1	1	1	0
        39	2026-06-03 21:07:54	1	1	1	0
        14	2026-06-03 21:24:13	1	1	1	0
        72	2026-06-03 21:38:15	1	1	1	0
        16	2026-06-03 22:59:21	1	1	1	0
       138	2026-06-03 23:01:03	1	1	1	0
        77	2026-06-03 23:02:27	1	1	1	0
       122	2026-06-03 23:02:41	1	1	1	0
        41	2026-06-03 23:07:46	1	1	1	0
        19	2026-06-03 23:38:47	1	1	1	0
        21	2026-06-03 23:39:11	1	1	1	0
        53	2026-06-03 23:51:35	1	1	15	0
        73	2026-06-03 23:52:27	1	1	1	0
        93	2026-06-03 23:54:16	1	1	1	0
        92	2026-06-03 23:56:23	1	1	1	0
       112	2026-06-03 23:56:55	1	1	1	0
       107	2026-06-03 23:57:24	1	1	1	0
        26	2026-06-03 23:57:30	1	1	1	0
         8	2026-06-03 23:57:36	1	1	1	0
       137	2026-06-04 00:05:03	1	1	1	0
         9	2026-06-04 06:06:27	1	1	15	0
        13	2026-06-04 06:09:59	1	1	1	0
        61	2026-06-04 06:12:29	1	1	1	0
       105	2026-06-04 06:12:31	1	1	1	0
       128	2026-06-04 07:38:10	1	1	1	0
       101	2026-06-04 07:40:01	1	0	1	0
        37	2026-06-04 07:56:26	1	0	1	0
       104	2026-06-04 10:59:20	1	0	1	0
        82	2026-06-04 11:52:40	1	0	1	0
        37	2026-06-04 11:54:30	1	0	1	0
        98	2026-06-04 12:15:27	1	0	1	0
       138	2026-06-04 14:49:47	1	0	1	0
        16	2026-06-04 14:59:09	1	0	1	0
        26	2026-06-04 14:59:18	1	0	1	0
       137	2026-06-04 15:04:04	1	0	1	0
        77	2026-06-04 15:06:22	1	0	1	0
        61	2026-06-04 15:11:46	1	0	1	0
       105	2026-06-04 15:11:49	1	0	1	0
       122	2026-06-04 15:15:24	1	0	1	0
         8	2026-06-04 15:20:23	1	0	1	0
        92	2026-06-04 15:22:51	1	0	1	0
       107	2026-06-04 15:23:15	1	0	1	0
       112	2026-06-04 15:23:19	1	0	1	0
         9	2026-06-04 15:24:42	1	0	15	0
       135	2026-06-04 15:31:23	1	0	1	0
        41	2026-06-04 15:39:43	1	0	1	0
         5	2026-06-04 15:43:12	1	0	1	0
        72	2026-06-04 15:51:11	1	0	1	0
        73	2026-06-04 15:58:27	1	0	1	0
       128	2026-06-04 16:11:56	1	0	1	0
        19	2026-06-04 16:12:02	1	0	1	0
       134	2026-06-04 16:23:14	1	0	1	0
        91	2026-06-04 16:35:12	1	0	1	0
        14	2026-06-04 16:36:05	1	0	1	0
       109	2026-06-04 16:50:45	1	0	1	0
       127	2026-06-04 16:53:12	1	0	1	0
        53	2026-06-04 16:54:10	1	0	15	0
       133	2026-06-04 16:58:47	1	0	1	0
        39	2026-06-04 17:04:43	1	0	1	0
        37	2026-06-04 17:10:04	1	0	1	0
         4	2026-06-04 17:12:31	1	0	1	0
         7	2026-06-04 17:19:32	1	0	1	0
       104	2026-06-04 19:00:07	1	1	1	0
         7	2026-06-04 19:16:34	1	1	1	0
        82	2026-06-04 20:06:46	1	1	1	0
        98	2026-06-04 20:07:08	1	1	1	0
       135	2026-06-04 20:35:13	1	1	1	0
       101	2026-06-04 20:53:01	1	1	1	0
        91	2026-06-04 21:00:14	1	1	1	0
       109	2026-06-04 21:01:26	1	1	1	0
        39	2026-06-04 21:12:06	1	1	1	0
        37	2026-06-04 21:17:31	1	1	1	0
       134	2026-06-04 21:18:25	1	1	1	0
        72	2026-06-04 21:49:00	1	1	1	0
        14	2026-06-04 22:04:50	1	1	1	0
        16	2026-06-04 22:59:05	1	1	1	0
        77	2026-06-04 23:02:55	1	1	1	0
       122	2026-06-04 23:03:08	1	1	1	0
       127	2026-06-04 23:03:26	1	1	1	0
       138	2026-06-04 23:04:11	1	1	1	0
        73	2026-06-04 23:12:50	1	1	1	0
        41	2026-06-04 23:13:12	1	1	1	0
        19	2026-06-04 23:13:46	1	1	1	0
        92	2026-06-04 23:54:03	1	1	1	0
        53	2026-06-04 23:54:14	1	1	15	0
        93	2026-06-04 23:54:19	1	1	1	0
         8	2026-06-04 23:57:12	1	1	1	0
       107	2026-06-04 23:57:16	1	1	1	0
       112	2026-06-04 23:57:25	1	1	1	0
        26	2026-06-04 23:57:30	1	1	1	0
       137	2026-06-05 00:04:13	1	1	1	0
        13	2026-06-05 15:05:32	1	1	1	0
        73	2026-06-05 15:21:17	1	0	1	0
        61	2026-06-05 15:34:18	1	0	1	0
       105	2026-06-05 15:34:40	1	0	1	0
       106	2026-06-05 16:06:38	1	0	1	0
        19	2026-06-05 16:11:56	1	0	1	0
        73	2026-06-05 22:01:12	1	1	1	0
       106	2026-06-05 22:02:39	1	1	1	0
        19	2026-06-05 23:19:38	1	1	1	0
       105	2026-06-05 23:58:43	1	1	1	0
        61	2026-06-05 23:58:45	1	1	1	0
         9	2026-06-06 05:50:00	1	1	15	0
        26	2026-06-06 06:11:25	1	1	1	0
       112	2026-06-06 07:02:47	1	1	1	0
       101	2026-06-06 07:53:51	1	0	1	0
        37	2026-06-06 07:59:50	1	0	1	0
        16	2026-06-06 08:01:06	1	0	1	0
       104	2026-06-06 11:34:29	1	0	1	0
        82	2026-06-06 11:49:04	1	0	1	0
        37	2026-06-06 12:00:34	1	0	1	0
        98	2026-06-06 12:06:11	1	0	1	0
       137	2026-06-06 14:33:43	1	0	1	0
       106	2026-06-06 14:35:25	1	0	1	0
       138	2026-06-06 14:51:31	1	0	1	0
         8	2026-06-06 14:58:35	1	0	1	0
        92	2026-06-06 15:03:34	1	0	1	0
       107	2026-06-06 15:03:37	1	0	1	0
       128	2026-06-06 15:04:22	1	0	1	0
       112	2026-06-06 15:05:53	1	0	1	0
        24	2026-06-06 15:13:44	1	0	1	0
       122	2026-06-06 15:16:06	1	0	1	0
        41	2026-06-06 15:17:45	1	0	1	0
       138	2026-06-06 15:28:03	1	0	1	0
         9	2026-06-06 15:35:56	1	0	15	0
        21	2026-06-06 15:39:06	1	0	1	0
        73	2026-06-06 15:43:21	1	0	1	0
        14	2026-06-06 15:49:21	1	0	1	0
        40	2026-06-06 15:52:04	1	0	1	0
       101	2026-06-06 15:52:18	1	1	1	0
        16	2026-06-06 16:02:07	1	1	1	0
        91	2026-06-06 16:08:39	1	1	1	0
        19	2026-06-06 16:13:29	1	1	1	0
        72	2026-06-06 16:25:32	1	0	1	0
       134	2026-06-06 16:30:21	1	0	1	0
         3	2026-06-06 16:32:35	1	0	1	0
       127	2026-06-06 16:50:32	1	0	1	0
       123	2026-06-06 16:52:27	1	0	1	0
         4	2026-06-06 16:55:30	1	0	1	0
       109	2026-06-06 16:56:47	1	0	1	0
        37	2026-06-06 16:57:39	1	0	1	0
        53	2026-06-06 16:57:49	1	0	15	0
       133	2026-06-06 16:58:59	1	0	1	0
         7	2026-06-06 17:05:46	1	0	1	0
       104	2026-06-06 19:03:43	1	1	1	0
        91	2026-06-06 20:18:26	1	1	1	0
        82	2026-06-06 20:23:57	1	1	1	0
        98	2026-06-06 20:30:48	1	1	1	0
       109	2026-06-06 20:50:54	1	1	1	0
       123	2026-06-06 20:53:09	1	1	1	0
        37	2026-06-06 20:57:41	1	1	1	0
       127	2026-06-06 20:59:43	1	1	1	0
       133	2026-06-06 21:26:17	1	1	1	0
        72	2026-06-06 21:55:45	1	1	1	0
        14	2026-06-06 22:30:35	1	1	1	0
       106	2026-06-06 22:59:41	1	1	1	0
        21	2026-06-06 23:00:07	1	1	1	0
        41	2026-06-06 23:00:12	1	1	1	0
       122	2026-06-06 23:04:06	1	1	1	0
       128	2026-06-06 23:05:06	1	1	1	0
        24	2026-06-06 23:19:12	1	1	1	0
        53	2026-06-06 23:21:32	1	1	15	0
       138	2026-06-06 23:21:39	1	1	1	0
        19	2026-06-06 23:38:31	1	1	1	0
       134	2026-06-06 23:42:12	1	1	1	0
       137	2026-06-06 23:48:10	1	1	1	0
        92	2026-06-06 23:57:17	1	1	1	0
        93	2026-06-06 23:57:31	1	1	1	0
         8	2026-06-07 00:01:32	1	1	1	0
        26	2026-06-07 00:01:38	1	1	1	0
       107	2026-06-07 00:01:39	1	1	1	0
         5	2026-06-07 00:08:11	1	1	1	0
        73	2026-06-07 00:17:03	1	1	1	0
         9	2026-06-07 06:01:18	1	1	1	0
        61	2026-06-07 06:02:53	1	1	1	0
       105	2026-06-07 06:03:00	1	1	1	0
        13	2026-06-07 06:03:46	1	1	1	0
       101	2026-06-07 07:43:22	1	0	1	0
        77	2026-06-07 07:54:51	1	0	1	0
        16	2026-06-07 08:02:01	1	0	1	0
        37	2026-06-07 08:02:33	1	0	1	0
        90	2026-06-07 08:08:34	1	0	1	0
       104	2026-06-07 11:30:21	1	0	1	0
        82	2026-06-07 11:49:21	1	0	1	0
        37	2026-06-07 11:57:08	1	0	1	0
        98	2026-06-07 12:04:02	1	0	1	0
       137	2026-06-07 14:15:27	1	0	1	0
        40	2026-06-07 14:24:41	1	0	1	0
       106	2026-06-07 14:25:33	1	0	1	0
       138	2026-06-07 14:52:37	1	0	1	0
        55	2026-06-07 14:58:30	1	0	1	0
         1	2026-06-07 15:00:16	1	0	1	0
        11	2026-06-07 15:00:40	1	0	1	0
       105	2026-06-07 15:05:51	1	0	1	0
        61	2026-06-07 15:05:53	1	0	1	0
        24	2026-06-07 15:07:38	1	0	1	0
        92	2026-06-07 15:08:07	1	0	1	0
       128	2026-06-07 15:08:40	1	0	1	0
       107	2026-06-07 15:09:00	1	0	1	0
       112	2026-06-07 15:09:33	1	0	1	0
        26	2026-06-07 15:18:54	1	0	1	0
         8	2026-06-07 15:18:58	1	0	1	0
        41	2026-06-07 15:22:13	1	0	1	0
       122	2026-06-07 15:23:14	1	0	1	0
        21	2026-06-07 15:27:44	1	0	1	0
         9	2026-06-07 15:33:25	1	0	15	0
        73	2026-06-07 15:41:10	1	0	1	0
        40	2026-06-07 15:46:54	1	1	1	0
        16	2026-06-07 16:01:47	1	1	1	0
        77	2026-06-07 16:02:30	1	1	1	0
        19	2026-06-07 16:11:41	1	1	1	0
       135	2026-06-07 16:30:49	1	0	1	0
       134	2026-06-07 16:33:03	1	0	1	0
        14	2026-06-07 16:41:14	1	0	1	0
        53	2026-06-07 16:41:18	1	0	15	0
        72	2026-06-07 16:43:15	1	0	1	0
       127	2026-06-07 16:48:27	1	0	1	0
        39	2026-06-07 16:50:18	1	0	1	0
         7	2026-06-07 16:53:02	1	0	1	0
        91	2026-06-07 16:55:08	1	0	1	0
       133	2026-06-07 17:01:07	1	0	1	0
        37	2026-06-07 17:05:22	1	0	1	0
         4	2026-06-07 17:05:56	1	0	1	0
       123	2026-06-07 17:06:56	1	0	1	0
        90	2026-06-07 17:09:45	1	0	1	0
         3	2026-06-07 17:43:27	1	0	1	0
       104	2026-06-07 19:03:02	1	1	1	0
         7	2026-06-07 19:33:51	1	1	1	0
        98	2026-06-07 20:01:22	1	1	1	0
        82	2026-06-07 20:02:00	1	1	1	0
       135	2026-06-07 20:40:50	1	1	1	0
       133	2026-06-07 20:58:57	1	1	1	0
       123	2026-06-07 21:00:04	1	1	1	0
        37	2026-06-07 21:00:43	1	1	1	0
       101	2026-06-07 21:03:40	1	1	1	0
        91	2026-06-07 21:07:06	1	1	1	0
        39	2026-06-07 21:07:17	1	1	1	0
       127	2026-06-07 21:22:52	1	1	1	0
        72	2026-06-07 21:43:03	1	1	1	0
       106	2026-06-07 22:56:54	1	1	1	0
        24	2026-06-07 23:01:12	1	1	1	0
       138	2026-06-07 23:01:36	1	1	1	0
        41	2026-06-07 23:10:12	1	1	1	0
       128	2026-06-07 23:10:36	1	1	1	0
       122	2026-06-07 23:10:43	1	1	1	0
        53	2026-06-07 23:19:39	1	1	1	0
        21	2026-06-07 23:25:55	1	1	1	0
       137	2026-06-07 23:30:34	1	1	1	0
        19	2026-06-07 23:40:13	1	1	1	0
        92	2026-06-07 23:53:45	1	1	1	0
        55	2026-06-07 23:54:00	1	1	1	0
       107	2026-06-07 23:54:04	1	1	1	0
         8	2026-06-07 23:54:08	1	1	1	0
       112	2026-06-07 23:54:14	1	1	1	0
        26	2026-06-07 23:54:25	1	1	1	0
        73	2026-06-08 00:01:22	1	1	1	0
         5	2026-06-08 00:04:15	1	1	1	0
       134	2026-06-08 00:05:47	1	1	1	0
        14	2026-06-08 00:07:24	1	1	1	0
        61	2026-06-08 05:49:22	1	1	1	0
         9	2026-06-08 05:58:16	1	1	15	0
        13	2026-06-08 06:13:15	1	1	1	0
        26	2026-06-08 06:17:26	1	1	1	0
        77	2026-06-08 07:52:27	1	0	1	0
        37	2026-06-08 07:53:49	1	0	1	0
       101	2026-06-08 08:00:52	1	0	1	0
        16	2026-06-08 08:01:50	1	0	1	0
        90	2026-06-08 08:11:17	1	0	1	0
       104	2026-06-08 10:58:47	1	0	1	0
        37	2026-06-08 11:51:45	1	0	1	0
        82	2026-06-08 11:51:56	1	0	1	0
        98	2026-06-08 12:11:54	1	0	1	0
       138	2026-06-08 14:51:31	1	0	1	0
       106	2026-06-08 14:54:02	1	0	1	0
        24	2026-06-08 14:57:00	1	0	1	0
         8	2026-06-08 15:03:18	1	0	1	0
        41	2026-06-08 15:05:36	1	0	1	0
        61	2026-06-08 15:13:10	1	0	1	0
        92	2026-06-08 15:14:05	1	0	1	0
        55	2026-06-08 15:14:17	1	0	1	0
       122	2026-06-08 15:14:29	1	0	1	0
       107	2026-06-08 15:14:35	1	0	1	0
       112	2026-06-08 15:14:49	1	0	1	0
       128	2026-06-08 15:15:39	1	0	1	0
         9	2026-06-08 15:42:01	1	0	1	0
        14	2026-06-08 15:42:39	1	0	1	0
         5	2026-06-08 15:51:42	1	0	1	0
        73	2026-06-08 15:52:27	1	0	1	0
       101	2026-06-08 15:55:06	1	1	1	0
        16	2026-06-08 15:58:29	1	1	1	0
        77	2026-06-08 16:00:03	1	1	1	0
        19	2026-06-08 16:09:32	1	1	1	0
        21	2026-06-08 16:14:18	1	0	1	0
       137	2026-06-08 16:15:06	1	0	1	0
        72	2026-06-08 16:25:23	1	0	1	0
       134	2026-06-08 16:34:45	1	0	1	0
       135	2026-06-08 16:34:49	1	0	1	0
        53	2026-06-08 16:36:26	1	0	15	0
       127	2026-06-08 16:41:25	1	0	1	0
       109	2026-06-08 16:52:46	1	0	1	0
       123	2026-06-08 16:59:41	1	0	1	0
       133	2026-06-08 17:02:01	1	0	1	0
         7	2026-06-08 17:04:44	1	0	1	0
        91	2026-06-08 17:09:03	1	0	1	0
        37	2026-06-08 17:11:13	1	0	1	0
        39	2026-06-08 17:13:30	1	0	1	0
         4	2026-06-08 17:13:43	1	0	1	0
         3	2026-06-08 17:18:02	1	0	1	0
        90	2026-06-08 17:21:00	1	0	1	0
        91	2026-06-08 18:06:09	1	0	1	0
       104	2026-06-08 19:03:33	1	1	1	0
         3	2026-06-08 19:57:39	1	1	1	0
        14	2026-06-08 20:05:14	1	1	1	0
        82	2026-06-08 20:06:15	1	1	1	0
        98	2026-06-08 20:28:46	1	1	1	0
       135	2026-06-08 20:40:08	1	1	1	0
         7	2026-06-08 20:50:31	1	1	1	0
       109	2026-06-08 20:52:50	1	1	1	0
       123	2026-06-08 20:59:29	1	1	1	0
       133	2026-06-08 21:03:21	1	1	1	0
        37	2026-06-08 21:03:23	1	1	1	0
       127	2026-06-08 21:09:21	1	1	1	0
        39	2026-06-08 21:13:15	1	1	1	0
        72	2026-06-08 21:57:55	1	1	1	0
       134	2026-06-08 22:46:53	1	1	1	0
       106	2026-06-08 23:01:03	1	1	1	0
        24	2026-06-08 23:01:31	1	1	1	0
       138	2026-06-08 23:01:43	1	1	1	0
       122	2026-06-08 23:04:03	1	1	1	0
        41	2026-06-08 23:07:06	1	1	1	0
        53	2026-06-08 23:13:39	1	1	15	0
       128	2026-06-08 23:29:04	1	1	1	0
       137	2026-06-08 23:42:38	1	1	1	0
        21	2026-06-08 23:49:12	1	1	1	0
        92	2026-06-08 23:56:13	1	1	1	0
       107	2026-06-08 23:57:02	1	1	1	0
        26	2026-06-08 23:57:08	1	1	1	0
        55	2026-06-08 23:57:16	1	1	1	0
         8	2026-06-08 23:57:21	1	1	1	0
       112	2026-06-08 23:57:25	1	1	1	0
        73	2026-06-09 00:48:36	1	1	1	0
       105	2026-06-09 05:58:15	1	1	1	0
        61	2026-06-09 05:58:17	1	1	1	0
         9	2026-06-09 06:01:08	1	1	15	0
        13	2026-06-09 06:07:08	1	1	1	0
        37	2026-06-09 07:56:20	1	1	1	0
        16	2026-06-09 07:58:42	1	1	1	0
        90	2026-06-09 07:59:00	1	0	1	0
        77	2026-06-09 08:00:53	1	0	1	0
       101	2026-06-09 08:12:19	1	0	1	0
       104	2026-06-09 11:00:33	1	0	1	0
        82	2026-06-09 11:55:49	1	0	1	0
        37	2026-06-09 12:01:12	1	0	1	0
        98	2026-06-09 12:17:05	1	0	1	0
        14	2026-06-09 13:59:01	1	0	1	0
       138	2026-06-09 14:51:29	1	0	1	0
       106	2026-06-09 14:53:56	1	0	1	0
        24	2026-06-09 14:54:56	1	0	1	0
         8	2026-06-09 15:03:19	1	0	1	0
       137	2026-06-09 15:04:24	1	0	1	0
       128	2026-06-09 15:13:01	1	0	1	0
         9	2026-06-09 15:13:13	1	0	1	0
       105	2026-06-09 15:14:22	1	0	1	0
        61	2026-06-09 15:14:27	1	0	1	0
        92	2026-06-09 15:16:08	1	0	1	0
        55	2026-06-09 15:16:10	1	0	1	0
       122	2026-06-09 15:16:27	1	0	1	0
       107	2026-06-09 15:16:42	1	0	1	0
       112	2026-06-09 15:16:44	1	0	1	0
        26	2026-06-09 15:22:43	1	0	1	0
        41	2026-06-09 15:38:33	1	0	1	0
        72	2026-06-09 15:56:56	1	0	1	0
        16	2026-06-09 15:58:39	1	0	1	0
        73	2026-06-09 15:59:00	1	0	1	0
        77	2026-06-09 16:01:50	1	1	1	0
        21	2026-06-09 16:19:15	1	0	1	0
       134	2026-06-09 16:26:40	1	0	1	0
       135	2026-06-09 16:26:44	1	0	1	0
        19	2026-06-09 16:28:44	1	0	1	0
       127	2026-06-09 16:33:17	1	0	1	0
        53	2026-06-09 16:43:43	1	0	15	0
       133	2026-06-09 16:54:55	1	0	1	0
        39	2026-06-09 16:55:38	1	0	1	0
       109	2026-06-09 16:58:46	1	0	1	0
       123	2026-06-09 16:59:11	1	0	1	0
         7	2026-06-09 17:00:20	1	0	1	0
        37	2026-06-09 17:02:48	1	0	1	0
         4	2026-06-09 17:15:42	1	0	1	0
        90	2026-06-09 17:25:52	1	0	1	0
         3	2026-06-09 17:51:04	1	0	1	0
       104	2026-06-09 19:01:07	1	1	1	0
       123	2026-06-09 19:16:23	1	1	1	0
         3	2026-06-09 20:21:44	1	1	1	0
        82	2026-06-09 20:23:46	1	1	1	0
        98	2026-06-09 20:31:12	1	1	1	0
       135	2026-06-09 20:41:51	1	1	1	0
        37	2026-06-09 20:55:13	1	1	1	0
       109	2026-06-09 20:56:39	1	1	1	0
       101	2026-06-09 20:57:34	1	1	1	0
         7	2026-06-09 21:01:29	1	1	1	0
        39	2026-06-09 21:08:09	1	1	1	0
        72	2026-06-09 22:05:49	1	1	1	0
       138	2026-06-09 23:00:46	1	1	1	0
        24	2026-06-09 23:00:49	1	1	1	0
       128	2026-06-09 23:01:32	1	1	1	0
       106	2026-06-09 23:01:39	1	1	1	0
       127	2026-06-09 23:01:46	1	1	1	0
       122	2026-06-09 23:01:53	1	1	1	0
        21	2026-06-09 23:09:23	1	1	1	0
        41	2026-06-09 23:16:17	1	1	1	0
       134	2026-06-09 23:23:15	1	1	1	0
       137	2026-06-09 23:35:22	1	1	1	0
        14	2026-06-09 23:41:28	1	1	1	0
        19	2026-06-09 23:46:32	1	1	1	0
        73	2026-06-09 23:56:04	1	1	1	0
        92	2026-06-09 23:59:25	1	1	1	0
        53	2026-06-09 23:59:31	1	1	15	0
         5	2026-06-10 00:00:26	1	1	1	0
        55	2026-06-10 00:01:14	1	1	1	0
       107	2026-06-10 00:01:22	1	1	1	0
        26	2026-06-10 00:01:30	1	1	1	0
         8	2026-06-10 00:02:15	1	1	1	0
       112	2026-06-10 00:02:18	1	1	1	0
         9	2026-06-10 06:02:28	1	1	15	0
        61	2026-06-10 06:09:53	1	1	1	0
       105	2026-06-10 06:09:57	1	1	1	0
        13	2026-06-10 06:13:56	1	1	1	0
        37	2026-06-10 07:56:35	1	1	1	0
        77	2026-06-10 07:58:30	1	0	1	0
        16	2026-06-10 08:00:30	1	0	1	0
       101	2026-06-10 08:05:13	1	0	1	0
        90	2026-06-10 08:11:14	1	0	1	0
       104	2026-06-10 11:02:54	1	0	1	0
        82	2026-06-10 11:53:11	1	0	1	0
        37	2026-06-10 11:55:42	1	0	1	0
        98	2026-06-10 12:11:00	1	0	1	0
       137	2026-06-10 14:11:33	1	0	1	0
        24	2026-06-10 14:46:01	1	0	1	0
       138	2026-06-10 14:51:55	1	0	1	0
       106	2026-06-10 14:56:37	1	0	1	0
       105	2026-06-10 14:58:04	1	0	1	0
        61	2026-06-10 14:58:16	1	0	1	0
       128	2026-06-10 15:09:15	1	0	1	0
         8	2026-06-10 15:13:45	1	0	1	0
       122	2026-06-10 15:14:24	1	0	1	0
        21	2026-06-10 15:18:06	1	0	1	0
        92	2026-06-10 15:18:23	1	0	1	0
        55	2026-06-10 15:18:46	1	0	1	0
       107	2026-06-10 15:18:48	1	0	1	0
       112	2026-06-10 15:18:52	1	0	1	0
        26	2026-06-10 15:26:56	1	0	1	0
        41	2026-06-10 15:27:56	1	0	1	0
        14	2026-06-10 15:31:56	1	0	1	0
        72	2026-06-10 15:32:32	1	0	1	0
         9	2026-06-10 15:36:01	1	0	15	0
        73	2026-06-10 15:55:27	1	0	1	0
       101	2026-06-10 15:59:13	1	1	1	0
        16	2026-06-10 15:59:22	1	1	1	0
        77	2026-06-10 16:00:15	1	1	1	0
        19	2026-06-10 16:20:22	1	1	1	0
       127	2026-06-10 16:34:45	1	0	1	0
       134	2026-06-10 16:37:54	1	0	1	0
       133	2026-06-10 16:37:56	1	0	1	0
       135	2026-06-10 16:44:31	1	0	1	0
       123	2026-06-10 16:54:14	1	0	1	0
        91	2026-06-10 16:57:18	1	0	1	0
        53	2026-06-10 16:58:07	1	0	15	0
       109	2026-06-10 16:58:34	1	0	1	0
        39	2026-06-10 17:02:21	1	0	1	0
        25	2026-06-10 17:03:56	1	0	1	0
         4	2026-06-10 17:04:24	1	0	1	0
        37	2026-06-10 17:04:27	1	0	1	0
        90	2026-06-10 17:16:59	1	1	1	0
         7	2026-06-10 17:27:18	1	1	1	0
         3	2026-06-10 17:54:56	1	1	1	0
       104	2026-06-10 19:03:09	1	1	1	0
        82	2026-06-10 20:07:48	1	1	1	0
        98	2026-06-10 20:11:35	1	1	1	0
         3	2026-06-10 20:19:06	1	1	1	0
        14	2026-06-10 20:24:02	1	1	1	0
        25	2026-06-10 20:26:45	1	1	1	0
        91	2026-06-10 20:43:28	1	1	1	0
       135	2026-06-10 20:48:42	1	1	1	0
       123	2026-06-10 20:51:12	1	1	1	0
       109	2026-06-10 20:53:19	1	1	1	0
        39	2026-06-10 21:01:43	1	1	1	0
        37	2026-06-10 21:02:54	1	1	1	0
         7	2026-06-10 21:16:10	1	1	1	0
        72	2026-06-10 21:44:02	1	1	1	0
        41	2026-06-10 22:31:24	1	1	1	0
       133	2026-06-10 22:54:24	1	1	1	0
       106	2026-06-10 23:01:45	1	1	1	0
        24	2026-06-10 23:05:46	1	1	1	0
        21	2026-06-10 23:08:12	1	1	1	0
        53	2026-06-10 23:24:28	1	1	15	0
       128	2026-06-10 23:27:20	1	1	1	0
       138	2026-06-10 23:28:02	1	1	1	0
       127	2026-06-10 23:31:53	1	1	1	0
       122	2026-06-10 23:31:59	1	1	1	0
       137	2026-06-10 23:35:48	1	1	1	0
       134	2026-06-10 23:44:10	1	1	1	0
        92	2026-06-10 23:54:21	1	1	1	0
        73	2026-06-10 23:57:56	1	1	1	0
       107	2026-06-10 23:59:03	1	1	1	0
       112	2026-06-10 23:59:06	1	1	1	0
        55	2026-06-10 23:59:20	1	1	1	0
         8	2026-06-11 00:00:01	1	1	1	0
        26	2026-06-11 00:00:04	1	1	1	0
       105	2026-06-11 06:01:06	1	1	1	0
        61	2026-06-11 06:01:13	1	1	1	0
         9	2026-06-11 06:02:28	1	1	15	0
        13	2026-06-11 06:09:32	1	1	1	0
        37	2026-06-11 07:50:11	1	1	1	0
        16	2026-06-11 07:59:52	1	1	1	0
       101	2026-06-11 08:00:46	1	0	1	0
        77	2026-06-11 08:00:59	1	0	1	0
        90	2026-06-11 08:09:09	1	0	1	0
       104	2026-06-11 11:01:19	1	0	1	0
        82	2026-06-11 11:48:13	1	0	1	0
        37	2026-06-11 11:53:42	1	0	1	0
       137	2026-06-11 14:18:38	1	0	1	0
        77	2026-06-11 14:31:03	1	1	1	0
       138	2026-06-11 14:51:40	1	1	1	0
        24	2026-06-11 14:56:36	1	1	1	0
        61	2026-06-11 14:56:57	1	1	1	0
       105	2026-06-11 14:57:01	1	1	1	0
       128	2026-06-11 14:58:39	1	1	1	0
        41	2026-06-11 15:02:26	1	0	1	0
       106	2026-06-11 15:04:46	1	0	1	0
         8	2026-06-11 15:14:55	1	0	1	0
        14	2026-06-11 15:17:24	1	0	1	0
        92	2026-06-11 15:19:00	1	0	1	0
        55	2026-06-11 15:19:16	1	0	1	0
       107	2026-06-11 15:19:30	1	0	1	0
       112	2026-06-11 15:19:38	1	0	1	0
       122	2026-06-11 15:19:49	1	0	1	0
        21	2026-06-11 15:35:07	1	0	1	0
         9	2026-06-11 15:35:39	1	0	15	0
        26	2026-06-11 15:37:06	1	0	1	0
        73	2026-06-11 15:40:38	1	0	1	0
         5	2026-06-11 15:58:33	1	0	1	0
        16	2026-06-11 16:00:05	1	0	1	0
        37	2026-06-11 16:03:35	1	0	1	0
        19	2026-06-11 16:08:30	1	0	1	0
        72	2026-06-11 16:13:37	1	0	1	0
       134	2026-06-11 16:16:02	1	0	1	0
       135	2026-06-11 16:16:05	1	0	1	0
       127	2026-06-11 16:27:27	1	0	1	0
        25	2026-06-11 16:43:27	1	0	1	0
        53	2026-06-11 16:47:51	1	0	15	0
        39	2026-06-11 16:53:46	1	0	1	0
       109	2026-06-11 16:58:39	1	0	1	0
        91	2026-06-11 17:04:12	1	0	1	0
         7	2026-06-11 17:06:12	1	0	1	0
         4	2026-06-11 17:07:25	1	0	1	0
       133	2026-06-11 17:10:28	1	0	1	0
         3	2026-06-11 17:24:01	1	0	1	0
         3	2026-06-11 19:00:17	1	0	1	0
         7	2026-06-11 19:02:47	1	0	1	0
       104	2026-06-11 19:05:45	1	1	1	0
        37	2026-06-11 20:07:34	1	1	1	0
        82	2026-06-11 20:13:54	1	1	1	0
       101	2026-06-11 20:53:05	1	1	1	0
       109	2026-06-11 20:55:01	1	1	1	0
        91	2026-06-11 20:55:04	1	1	1	0
        14	2026-06-11 20:59:40	1	1	1	0
        39	2026-06-11 21:15:27	1	1	1	0
       127	2026-06-11 21:27:56	1	1	1	0
        72	2026-06-11 21:43:00	1	1	1	0
       135	2026-06-11 22:26:54	1	1	1	0
        24	2026-06-11 22:59:12	1	1	1	0
       106	2026-06-11 22:59:58	1	1	1	0
       138	2026-06-11 23:00:51	1	1	1	0
        41	2026-06-11 23:08:29	1	1	1	0
       128	2026-06-11 23:11:16	1	1	1	0
       122	2026-06-11 23:11:26	1	1	1	0
       134	2026-06-11 23:12:54	1	1	1	0
        53	2026-06-11 23:18:10	1	1	15	0
       137	2026-06-11 23:37:03	1	1	1	0
        21	2026-06-11 23:41:23	1	1	1	0
        73	2026-06-11 23:42:52	1	1	1	0
        92	2026-06-11 23:56:24	1	1	1	0
         8	2026-06-11 23:56:31	1	1	1	0
       107	2026-06-11 23:56:34	1	1	1	0
        55	2026-06-11 23:56:36	1	1	1	0
       112	2026-06-11 23:56:40	1	1	1	0
        26	2026-06-11 23:56:43	1	1	1	0
        19	2026-06-11 23:59:24	1	1	1	0
       133	2026-06-12 00:02:07	1	1	1	0
        13	2026-06-12 15:07:16	1	1	1	0
        61	2026-06-12 15:33:48	1	1	1	0
       105	2026-06-12 15:33:52	1	1	1	0
       101	2026-06-12 16:02:16	1	0	1	0
        19	2026-06-12 16:08:28	1	0	1	0
        73	2026-06-12 19:11:02	1	0	1	0
        19	2026-06-12 19:59:15	1	0	1	0
        90	2026-06-12 20:07:09	1	0	1	0
       133	2026-06-12 21:07:28	1	0	1	0
       134	2026-06-12 21:09:19	1	0	1	0
        14	2026-06-12 21:09:28	1	0	1	0
       101	2026-06-12 22:02:01	1	1	1	0
        61	2026-06-13 00:00:30	1	1	1	0
       105	2026-06-13 00:00:35	1	1	1	0
       133	2026-06-13 00:03:10	1	1	1	0
        14	2026-06-13 00:04:17	1	1	1	0
       134	2026-06-13 00:04:20	1	1	1	0
       133	2026-06-13 00:06:03	1	1	1	0
         5	2026-06-13 00:06:16	1	1	1	0
        73	2026-06-13 00:13:23	1	1	1	0
        90	2026-06-13 03:43:37	1	1	1	0
         9	2026-06-13 06:03:10	1	1	15	0
         8	2026-06-13 06:17:14	1	1	1	0
        26	2026-06-13 06:22:46	1	1	1	0
        73	2026-06-13 07:40:06	1	0	1	0
        37	2026-06-13 08:02:40	1	0	1	0
        16	2026-06-13 08:02:56	1	0	1	0
        77	2026-06-13 08:06:41	1	0	1	0
       104	2026-06-13 10:50:18	1	0	1	0
        82	2026-06-13 11:49:52	1	0	1	0
        37	2026-06-13 11:57:37	1	0	1	0
        98	2026-06-13 12:03:40	1	0	1	0
        19	2026-06-13 12:18:17	1	0	1	0
        40	2026-06-13 14:01:24	1	0	1	0
       137	2026-06-13 14:13:12	1	0	1	0
       106	2026-06-13 14:46:15	1	0	1	0
       138	2026-06-13 14:51:30	1	0	1	0
        14	2026-06-13 14:54:07	1	0	1	0
         8	2026-06-13 14:59:43	1	0	1	0
        26	2026-06-13 14:59:53	1	0	1	0
        13	2026-06-13 15:02:52	1	0	1	0
        24	2026-06-13 15:04:06	1	0	1	0
       122	2026-06-13 15:07:20	1	0	1	0
       128	2026-06-13 15:13:14	1	0	1	0
        41	2026-06-13 15:16:30	1	0	1	0
        92	2026-06-13 15:18:47	1	0	1	0
       107	2026-06-13 15:19:03	1	0	1	0
       112	2026-06-13 15:19:07	1	0	1	0
         9	2026-06-13 15:21:32	1	0	15	0
         5	2026-06-13 15:35:23	1	0	1	0
        21	2026-06-13 15:55:33	1	0	1	0
        16	2026-06-13 15:57:56	1	0	1	0
        77	2026-06-13 15:59:40	1	1	1	0
        56	2026-06-13 16:03:23	1	1	1	0
       134	2026-06-13 16:11:36	1	1	1	0
       135	2026-06-13 16:11:41	1	1	1	0
        73	2026-06-13 16:13:48	1	1	1	0
        72	2026-06-13 16:24:06	1	0	1	0
        25	2026-06-13 16:35:20	1	0	1	0
       133	2026-06-13 16:40:43	1	0	1	0
       127	2026-06-13 16:52:10	1	0	1	0
       123	2026-06-13 16:55:58	1	0	1	0
        39	2026-06-13 16:57:39	1	0	1	0
        91	2026-06-13 17:04:04	1	0	1	0
         7	2026-06-13 17:05:14	1	0	1	0
        37	2026-06-13 17:09:41	1	0	1	0
         4	2026-06-13 17:15:29	1	0	1	0
       104	2026-06-13 19:04:06	1	1	1	0
         7	2026-06-13 19:56:41	1	1	1	0
        19	2026-06-13 19:59:29	1	1	1	0
        82	2026-06-13 20:03:16	1	1	1	0
        98	2026-06-13 20:17:36	1	1	1	0
        90	2026-06-13 20:32:15	1	1	1	0
        91	2026-06-13 20:40:08	1	1	1	0
       123	2026-06-13 20:56:04	1	1	1	0
        25	2026-06-13 20:59:37	1	1	1	0
        39	2026-06-13 21:02:19	1	1	1	0
        37	2026-06-13 21:04:24	1	1	1	0
       135	2026-06-13 21:18:42	1	1	1	0
       127	2026-06-13 21:21:11	1	1	1	0
        72	2026-06-13 21:48:01	1	1	1	0
        40	2026-06-13 21:51:34	1	1	1	0
       106	2026-06-13 23:01:49	1	1	1	0
        24	2026-06-13 23:06:11	1	1	1	0
       128	2026-06-13 23:06:17	1	1	1	0
       122	2026-06-13 23:06:25	1	1	1	0
       138	2026-06-13 23:06:33	1	1	1	0
        41	2026-06-13 23:09:41	1	1	1	0
        21	2026-06-13 23:10:17	1	1	1	0
       137	2026-06-13 23:54:56	1	1	1	0
        55	2026-06-14 00:04:01	1	1	1	0
       107	2026-06-14 00:04:09	1	1	1	0
        92	2026-06-14 00:04:11	1	1	1	0
       112	2026-06-14 00:04:16	1	1	1	0
        56	2026-06-14 00:09:10	1	1	1	0
       133	2026-06-14 01:32:29	1	1	1	0
        14	2026-06-14 03:04:40	1	1	1	0
       134	2026-06-14 03:06:12	1	1	1	0
        90	2026-06-14 03:29:44	1	1	1	0
        73	2026-06-14 03:29:54	1	1	1	0
        61	2026-06-14 05:56:34	1	1	1	0
       105	2026-06-14 05:56:39	1	1	1	0
        13	2026-06-14 06:02:30	1	1	1	0
         9	2026-06-14 06:32:45	1	1	15	0
        73	2026-06-14 07:24:13	1	0	1	0
        16	2026-06-14 07:53:02	1	0	1	0
        37	2026-06-14 07:57:23	1	0	1	0
        77	2026-06-14 08:05:39	1	0	1	0
       104	2026-06-14 10:55:29	1	0	1	0
        82	2026-06-14 11:52:04	1	0	1	0
        37	2026-06-14 11:56:03	1	0	1	0
        98	2026-06-14 12:16:32	1	0	1	0
        73	2026-06-14 12:24:17	1	1	1	0
       101	2026-06-14 13:05:13	1	0	1	0
        19	2026-06-14 13:27:58	1	0	1	0
        40	2026-06-14 14:05:36	1	0	1	0
        24	2026-06-14 14:50:22	1	0	1	0
       138	2026-06-14 14:52:25	1	0	1	0
       137	2026-06-14 14:54:14	1	0	1	0
       106	2026-06-14 14:55:14	1	0	1	0
         8	2026-06-14 15:01:41	1	0	1	0
       128	2026-06-14 15:09:03	1	0	1	0
        14	2026-06-14 15:11:21	1	0	1	0
       135	2026-06-14 15:11:55	1	0	1	0
       122	2026-06-14 15:14:48	1	0	1	0
        55	2026-06-14 15:18:23	1	0	1	0
        92	2026-06-14 15:18:27	1	0	1	0
        61	2026-06-14 15:18:40	1	0	1	0
       107	2026-06-14 15:19:04	1	0	1	0
       112	2026-06-14 15:19:07	1	0	1	0
        26	2026-06-14 15:21:05	1	0	1	0
         9	2026-06-14 15:30:14	1	0	15	0
        21	2026-06-14 15:41:56	1	0	1	0
        16	2026-06-14 15:59:15	1	0	1	0
        56	2026-06-14 16:04:20	1	0	1	0
        77	2026-06-14 16:05:07	1	1	1	0
        25	2026-06-14 16:17:10	1	1	1	0
        91	2026-06-14 16:17:32	1	1	1	0
       127	2026-06-14 16:35:22	1	0	1	0
        72	2026-06-14 16:44:24	1	0	1	0
       133	2026-06-14 16:44:44	1	0	1	0
       134	2026-06-14 16:44:47	1	0	1	0
        73	2026-06-14 16:54:56	1	0	1	0
        37	2026-06-14 16:59:57	1	0	1	0
        53	2026-06-14 17:01:17	1	0	15	0
       123	2026-06-14 17:01:37	1	0	1	0
       109	2026-06-14 17:02:39	1	0	1	0
         7	2026-06-14 17:03:26	1	0	1	0
         4	2026-06-14 17:12:44	1	0	1	0
         3	2026-06-14 17:26:09	1	0	1	0
       104	2026-06-14 18:43:21	1	1	1	0
         7	2026-06-14 18:51:24	1	1	1	0
         3	2026-06-14 18:51:30	1	1	1	0
        90	2026-06-14 19:55:02	1	0	1	0
        19	2026-06-14 19:55:23	1	0	1	0
        98	2026-06-14 20:11:27	1	0	1	0
        82	2026-06-14 20:15:25	1	1	1	0
       101	2026-06-14 20:51:50	1	1	1	0
        91	2026-06-14 20:53:18	1	1	1	0
        37	2026-06-14 20:55:46	1	1	1	0
       123	2026-06-14 20:58:18	1	1	1	0
        25	2026-06-14 21:09:09	1	1	1	0
        72	2026-06-14 21:15:37	1	1	1	0
        40	2026-06-14 22:04:19	1	1	1	0
       135	2026-06-14 22:14:56	1	1	1	0
       106	2026-06-14 22:58:02	1	1	1	0
       127	2026-06-14 22:59:06	1	1	1	0
       122	2026-06-14 22:59:16	1	1	1	0
        21	2026-06-14 23:00:41	1	1	1	0
        24	2026-06-14 23:01:11	1	1	1	0
       138	2026-06-14 23:01:45	1	1	1	0
        53	2026-06-14 23:14:33	1	1	15	0
       128	2026-06-14 23:16:37	1	1	1	0
        56	2026-06-14 23:57:04	1	1	1	0
        55	2026-06-15 00:00:35	1	1	1	0
        92	2026-06-15 00:00:37	1	1	1	0
       107	2026-06-15 00:00:39	1	1	1	0
        26	2026-06-15 00:00:43	1	1	1	0
       112	2026-06-15 00:00:54	1	1	1	0
         8	2026-06-15 00:01:04	1	1	1	0
        73	2026-06-15 00:01:44	1	1	1	0
       133	2026-06-15 00:05:41	1	1	1	0
       137	2026-06-15 00:53:45	1	1	1	0
        13	2026-06-15 00:55:11	1	1	1	0
       134	2026-06-15 00:55:59	1	1	1	0
        90	2026-06-15 03:14:22	1	1	1	0
        61	2026-06-15 05:56:09	1	1	1	0
       105	2026-06-15 05:56:13	1	1	1	0
         9	2026-06-15 06:06:21	1	1	15	0
        13	2026-06-15 06:43:34	1	1	1	0
        40	2026-06-15 07:14:06	1	0	1	0
        37	2026-06-15 07:53:39	1	0	1	0
        16	2026-06-15 07:59:52	1	0	1	0
        77	2026-06-15 08:01:21	1	0	1	0
       101	2026-06-15 08:03:41	1	0	1	0
       104	2026-06-15 10:54:08	1	0	1	0
        82	2026-06-15 11:53:05	1	0	1	0
        19	2026-06-15 12:03:34	1	0	1	0
        98	2026-06-15 12:07:40	1	0	1	0
        37	2026-06-15 12:09:14	1	0	1	0
       106	2026-06-15 14:41:01	1	0	1	0
       138	2026-06-15 14:51:22	1	0	1	0
        24	2026-06-15 14:56:42	1	0	1	0
       128	2026-06-15 15:02:44	1	0	1	0
        61	2026-06-15 15:07:12	1	0	1	0
       105	2026-06-15 15:07:15	1	0	1	0
         8	2026-06-15 15:08:09	1	0	1	0
        26	2026-06-15 15:08:13	1	0	1	0
       137	2026-06-15 15:08:41	1	0	1	0
        92	2026-06-15 15:18:11	1	0	1	0
        55	2026-06-15 15:18:14	1	0	1	0
         9	2026-06-15 15:18:22	1	0	15	0
       112	2026-06-15 15:18:34	1	0	1	0
       107	2026-06-15 15:18:43	1	0	1	0
       122	2026-06-15 15:19:46	1	0	1	0
        14	2026-06-15 15:23:57	1	0	1	0
        41	2026-06-15 15:36:42	1	0	1	0
        56	2026-06-15 15:52:00	1	0	1	0
        40	2026-06-15 15:54:18	1	1	1	0
        16	2026-06-15 15:59:52	1	1	1	0
       101	2026-06-15 16:00:36	1	1	1	0
        77	2026-06-15 16:01:41	1	1	1	0
       134	2026-06-15 16:21:04	1	1	1	0
       135	2026-06-15 16:21:07	1	1	1	0
        25	2026-06-15 16:21:20	1	1	1	0
        21	2026-06-15 16:23:58	1	0	1	0
        72	2026-06-15 16:28:28	1	0	1	0
       127	2026-06-15 16:37:02	1	0	1	0
        37	2026-06-15 16:49:50	1	0	1	0
        73	2026-06-15 16:50:11	1	0	1	0
        39	2026-06-15 16:55:51	1	0	1	0
       123	2026-06-15 16:56:13	1	0	1	0
        91	2026-06-15 16:57:45	1	0	1	0
       133	2026-06-15 17:03:24	1	0	1	0
       109	2026-06-15 17:07:53	1	0	1	0
         7	2026-06-15 17:08:55	1	0	1	0
         4	2026-06-15 17:10:31	1	0	1	0
        53	2026-06-15 17:21:38	1	0	15	0
         3	2026-06-15 17:49:42	1	0	1	0
       104	2026-06-15 19:03:49	1	1	1	0
         3	2026-06-15 19:07:49	1	1	1	0
         7	2026-06-15 19:18:24	1	1	1	0
        90	2026-06-15 19:46:35	1	1	1	0
        19	2026-06-15 19:48:01	1	1	1	0
        82	2026-06-15 20:05:13	1	1	1	0
        91	2026-06-15 20:08:50	1	1	1	0
        98	2026-06-15 20:33:41	1	1	1	0
       135	2026-06-15 20:39:40	1	1	1	0
        37	2026-06-15 20:54:21	1	1	1	0
       123	2026-06-15 20:59:20	1	1	1	0
       109	2026-06-15 20:59:59	1	1	1	0
        39	2026-06-15 21:10:39	1	1	1	0
       127	2026-06-15 21:23:03	1	1	1	0
        72	2026-06-15 21:40:43	1	1	1	0
       106	2026-06-15 22:59:30	1	1	1	0
       128	2026-06-15 23:00:04	1	1	1	0
        24	2026-06-15 23:01:09	1	1	1	0
       122	2026-06-15 23:02:18	1	1	1	0
       138	2026-06-15 23:02:49	1	1	1	0
        25	2026-06-15 23:08:22	1	1	1	0
        21	2026-06-15 23:19:26	1	1	1	0
        53	2026-06-15 23:21:58	1	1	15	0
         8	2026-06-16 00:05:36	1	1	1	0
       107	2026-06-16 00:05:39	1	1	1	0
       112	2026-06-16 00:05:41	1	1	1	0
        55	2026-06-16 00:05:45	1	1	1	0
        92	2026-06-16 00:05:47	1	1	1	0
        26	2026-06-16 00:05:50	1	1	1	0
        41	2026-06-16 03:05:21	1	1	1	0
       134	2026-06-16 03:14:40	1	1	1	0
       133	2026-06-16 03:15:38	1	1	1	0
        90	2026-06-16 03:30:24	1	1	1	0
        73	2026-06-16 04:38:02	1	1	1	0
       105	2026-06-16 05:53:34	1	1	1	0
        61	2026-06-16 05:53:36	1	1	1	0
         9	2026-06-16 06:12:38	1	1	15	0
        13	2026-06-16 06:13:33	1	1	1	0
        73	2026-06-16 07:35:25	1	0	1	0
        37	2026-06-16 07:55:52	1	0	1	0
        16	2026-06-16 07:57:59	1	0	1	0
        77	2026-06-16 08:07:43	1	0	1	0
       104	2026-06-16 11:01:34	1	0	1	0
        82	2026-06-16 11:51:41	1	0	1	0
        37	2026-06-16 11:57:18	1	0	1	0
        73	2026-06-16 12:14:04	1	1	1	0
        19	2026-06-16 12:14:29	1	1	1	0
        98	2026-06-16 12:17:21	1	0	1	0
       101	2026-06-16 13:06:27	1	0	1	0
        40	2026-06-16 14:13:29	1	0	1	0
        41	2026-06-16 14:13:36	1	0	1	0
       106	2026-06-16 14:43:52	1	0	1	0
       138	2026-06-16 14:58:18	1	0	1	0
       128	2026-06-16 15:01:39	1	0	1	0
        24	2026-06-16 15:03:28	1	0	1	0
       122	2026-06-16 15:05:47	1	0	1	0
        61	2026-06-16 15:08:41	1	0	1	0
       105	2026-06-16 15:08:43	1	0	1	0
       137	2026-06-16 15:14:40	1	0	1	0
        92	2026-06-16 15:17:32	1	0	1	0
        55	2026-06-16 15:17:34	1	0	1	0
       107	2026-06-16 15:17:49	1	0	1	0
       112	2026-06-16 15:18:09	1	0	1	0
         8	2026-06-16 15:18:14	1	0	1	0
        26	2026-06-16 15:22:10	1	0	1	0
        14	2026-06-16 15:26:37	1	0	1	0
         9	2026-06-16 15:38:09	1	0	15	0
        16	2026-06-16 15:58:43	1	0	1	0
        56	2026-06-16 15:59:44	1	0	1	0
        77	2026-06-16 16:01:49	1	1	1	0
        72	2026-06-16 16:16:07	1	0	1	0
        25	2026-06-16 16:16:57	1	0	1	0
       134	2026-06-16 16:23:09	1	0	1	0
       135	2026-06-16 16:23:12	1	0	1	0
       133	2026-06-16 16:23:19	1	0	1	0
        21	2026-06-16 16:24:19	1	0	1	0
       127	2026-06-16 16:42:15	1	0	1	0
        91	2026-06-16 16:45:47	1	0	1	0
        39	2026-06-16 16:49:17	1	0	1	0
        73	2026-06-16 16:50:27	1	0	1	0
       109	2026-06-16 17:01:11	1	0	1	0
       123	2026-06-16 17:02:31	1	0	1	0
        37	2026-06-16 17:04:47	1	0	1	0
        53	2026-06-16 17:10:58	1	0	15	0
         4	2026-06-16 17:19:08	1	0	1	0
        37	2026-06-16 18:37:10	1	0	1	0
       104	2026-06-16 19:02:55	1	1	1	0
        19	2026-06-16 20:03:56	1	1	1	0
        82	2026-06-16 20:07:30	1	1	1	0
        98	2026-06-16 20:13:44	1	1	1	0
        90	2026-06-16 20:28:07	1	1	1	0
        91	2026-06-16 20:50:30	1	1	1	0
       109	2026-06-16 20:52:24	1	1	1	0
       133	2026-06-16 20:52:30	1	1	1	0
        25	2026-06-16 21:02:12	1	1	1	0
        72	2026-06-16 21:02:43	1	1	1	0
       123	2026-06-16 21:03:45	1	1	1	0
       135	2026-06-16 21:06:27	1	1	1	0
        39	2026-06-16 21:12:36	1	1	1	0
       127	2026-06-16 21:17:40	1	1	1	0
       101	2026-06-16 21:42:15	1	1	1	0
        40	2026-06-16 22:17:47	1	1	1	0
        41	2026-06-16 22:17:51	1	1	1	0
        24	2026-06-16 22:59:23	1	1	1	0
       128	2026-06-16 23:02:12	1	1	1	0
        21	2026-06-16 23:02:42	1	1	1	0
       106	2026-06-16 23:02:46	1	1	1	0
       122	2026-06-16 23:03:04	1	1	1	0
       138	2026-06-16 23:07:00	1	1	1	0
       137	2026-06-16 23:35:59	1	1	1	0
        53	2026-06-16 23:40:59	1	1	15	0
        92	2026-06-16 23:53:55	1	1	1	0
        55	2026-06-16 23:53:57	1	1	1	0
         8	2026-06-16 23:54:06	1	1	1	0
       107	2026-06-16 23:54:15	1	1	1	0
       112	2026-06-16 23:54:22	1	1	1	0
        26	2026-06-16 23:54:28	1	1	1	0
         5	2026-06-17 00:06:41	1	1	1	0
       134	2026-06-17 00:06:46	1	1	1	0
        14	2026-06-17 00:07:09	1	1	1	0
        56	2026-06-17 00:07:17	1	1	1	0
        90	2026-06-17 03:45:06	1	1	1	0
       105	2026-06-17 06:00:11	1	1	1	0
        26	2026-06-17 06:00:14	1	1	1	0
         9	2026-06-17 06:14:08	1	1	15	0
        37	2026-06-17 07:58:18	1	1	1	0
        16	2026-06-17 08:01:32	1	1	1	0
        77	2026-06-17 08:04:43	1	0	1	0
       101	2026-06-17 08:04:52	1	0	1	0
       104	2026-06-17 11:03:09	1	0	1	0
        82	2026-06-17 11:53:00	1	0	1	0
        37	2026-06-17 11:59:43	1	0	1	0
        98	2026-06-17 12:18:24	1	0	1	0
        73	2026-06-17 12:52:11	1	0	1	0
       137	2026-06-17 14:04:22	1	0	1	0
        40	2026-06-17 14:24:11	1	0	1	0
       106	2026-06-17 14:36:56	1	0	1	0
       138	2026-06-17 14:50:06	1	0	1	0
        24	2026-06-17 14:59:20	1	0	1	0
       122	2026-06-17 15:00:07	1	0	1	0
        14	2026-06-17 15:00:43	1	0	1	0
       105	2026-06-17 15:02:27	1	0	1	0
        41	2026-06-17 15:11:34	1	0	1	0
        21	2026-06-17 15:12:42	1	0	1	0
       128	2026-06-17 15:13:10	1	0	1	0
         9	2026-06-17 15:18:48	1	0	15	0
        55	2026-06-17 15:20:41	1	0	1	0
        92	2026-06-17 15:20:49	1	0	1	0
       107	2026-06-17 15:20:56	1	0	1	0
       112	2026-06-17 15:21:00	1	0	1	0
         8	2026-06-17 15:33:00	1	0	1	0
        56	2026-06-17 15:56:38	1	0	1	0
        16	2026-06-17 15:58:45	1	0	1	0
        77	2026-06-17 15:58:50	1	1	1	0
       101	2026-06-17 16:06:53	1	1	1	0
        25	2026-06-17 16:22:05	1	1	1	0
       134	2026-06-17 16:24:11	1	1	1	0
       133	2026-06-17 16:24:14	1	1	1	0
       135	2026-06-17 16:24:18	1	1	1	0
       127	2026-06-17 16:41:06	1	0	1	0
        72	2026-06-17 16:45:58	1	0	1	0
        91	2026-06-17 16:47:46	1	0	1	0
       123	2026-06-17 16:55:14	1	0	1	0
        39	2026-06-17 16:57:53	1	0	1	0
         7	2026-06-17 16:58:29	1	0	1	0
       109	2026-06-17 17:01:57	1	0	1	0
        37	2026-06-17 17:02:51	1	0	1	0
         4	2026-06-17 17:19:23	1	0	1	0
         3	2026-06-17 17:22:16	1	0	1	0
        53	2026-06-17 17:27:39	1	0	15	0
       104	2026-06-17 19:01:31	1	1	1	0
         3	2026-06-17 19:17:50	1	1	1	0
        90	2026-06-17 19:53:48	1	1	1	0
        19	2026-06-17 19:55:19	1	1	1	0
        82	2026-06-17 20:03:25	1	1	1	0
        98	2026-06-17 20:17:38	1	1	1	0
       133	2026-06-17 20:31:10	1	1	1	0
       123	2026-06-17 20:54:56	1	1	1	0
        25	2026-06-17 20:56:42	1	1	1	0
       109	2026-06-17 21:01:47	1	1	1	0
        37	2026-06-17 21:03:00	1	1	1	0
        39	2026-06-17 21:03:16	1	1	1	0
       127	2026-06-17 21:03:27	1	1	1	0
        72	2026-06-17 21:50:14	1	1	1	0
         7	2026-06-17 22:00:26	1	1	1	0
        40	2026-06-17 22:13:41	1	1	1	0
       135	2026-06-17 22:15:00	1	1	1	0
        24	2026-06-17 22:59:14	1	1	1	0
       106	2026-06-17 22:59:40	1	1	1	0
       138	2026-06-17 23:00:26	1	1	1	0
        21	2026-06-17 23:04:07	1	1	1	0
       122	2026-06-17 23:09:51	1	1	1	0
        41	2026-06-17 23:13:04	1	1	1	0
       137	2026-06-17 23:32:18	1	1	1	0
       128	2026-06-17 23:32:47	1	1	1	0
        14	2026-06-17 23:45:44	1	1	1	0
        53	2026-06-17 23:47:02	1	1	15	0
        92	2026-06-17 23:54:39	1	1	1	0
        55	2026-06-17 23:55:54	1	1	1	0
         8	2026-06-17 23:55:57	1	1	1	0
       112	2026-06-17 23:56:03	1	1	1	0
       107	2026-06-17 23:56:07	1	1	1	0
        26	2026-06-17 23:56:09	1	1	1	0
        13	2026-06-17 23:57:25	1	1	1	0
        56	2026-06-17 23:59:45	1	1	1	0
         5	2026-06-18 00:00:28	1	1	1	0
        73	2026-06-18 00:53:17	1	1	1	0
       134	2026-06-18 00:53:23	1	1	1	0
        90	2026-06-18 03:12:06	1	1	1	0
       105	2026-06-18 05:53:48	1	1	1	0
        61	2026-06-18 05:53:51	1	1	1	0
        13	2026-06-18 06:18:10	1	1	1	0
         9	2026-06-18 06:22:51	1	1	1	0
        40	2026-06-18 07:34:10	1	0	1	0
        73	2026-06-18 07:41:11	1	0	1	0
        77	2026-06-18 08:07:50	1	0	1	0
       104	2026-06-18 10:57:53	1	0	1	0
        82	2026-06-18 11:55:59	1	0	1	0
        98	2026-06-18 12:10:10	1	0	1	0
        73	2026-06-18 12:21:45	1	1	1	0
       101	2026-06-18 13:04:27	1	0	1	0
       137	2026-06-18 14:08:59	1	0	1	0
        41	2026-06-18 14:13:21	1	0	1	0
       106	2026-06-18 14:42:06	1	0	1	0
        24	2026-06-18 14:48:42	1	0	1	0
       138	2026-06-18 14:50:41	1	0	1	0
       122	2026-06-18 15:06:28	1	0	1	0
        21	2026-06-18 15:07:52	1	0	1	0
        14	2026-06-18 15:08:41	1	0	1	0
       105	2026-06-18 15:10:40	1	0	1	0
        61	2026-06-18 15:10:43	1	0	1	0
         9	2026-06-18 15:12:32	1	0	15	0
       128	2026-06-18 15:14:40	1	0	1	0
        92	2026-06-18 15:16:35	1	0	1	0
        55	2026-06-18 15:16:41	1	0	1	0
       107	2026-06-18 15:17:18	1	0	1	0
         8	2026-06-18 15:17:31	1	0	1	0
       112	2026-06-18 15:17:48	1	0	1	0
        19	2026-06-18 15:26:19	1	0	1	0
        26	2026-06-18 15:28:34	1	0	1	0
        40	2026-06-18 15:41:01	1	1	1	0
        13	2026-06-18 15:56:08	1	1	1	0
        56	2026-06-18 15:57:12	1	1	1	0
        77	2026-06-18 15:57:34	1	1	1	0
        73	2026-06-18 15:58:31	1	0	1	0
       134	2026-06-18 16:21:42	1	0	1	0
       133	2026-06-18 16:21:55	1	0	1	0
       135	2026-06-18 16:22:00	1	0	1	0
        25	2026-06-18 16:23:27	1	0	1	0
        72	2026-06-18 16:24:50	1	0	1	0
       127	2026-06-18 16:45:08	1	0	1	0
        53	2026-06-18 16:52:58	1	0	15	0
        39	2026-06-18 16:55:41	1	0	1	0
       109	2026-06-18 17:02:39	1	0	1	0
        91	2026-06-18 17:03:21	1	0	1	0
         7	2026-06-18 17:03:47	1	0	1	0
         4	2026-06-18 17:28:08	1	0	1	0
         3	2026-06-18 17:40:33	1	0	1	0
       104	2026-06-18 19:00:38	1	1	1	0
         7	2026-06-18 19:01:44	1	1	1	0
         3	2026-06-18 19:01:56	1	1	1	0
        19	2026-06-18 20:08:40	1	1	1	0
        82	2026-06-18 20:12:25	1	1	1	0
        91	2026-06-18 20:29:47	1	1	1	0
        98	2026-06-18 20:32:58	1	1	1	0
       109	2026-06-18 20:42:22	1	1	1	0
       135	2026-06-18 21:02:47	1	1	1	0
        25	2026-06-18 21:04:44	1	1	1	0
        39	2026-06-18 21:11:35	1	1	1	0
       127	2026-06-18 21:21:13	1	1	1	0
       101	2026-06-18 21:26:41	1	1	1	0
        72	2026-06-18 21:34:09	1	1	1	0
       128	2026-06-18 21:58:02	1	1	1	0
       106	2026-06-18 22:57:55	1	1	1	0
        24	2026-06-18 23:00:26	1	1	1	0
       138	2026-06-18 23:00:49	1	1	1	0
        41	2026-06-18 23:03:52	1	1	1	0
       122	2026-06-18 23:04:56	1	1	1	0
        21	2026-06-18 23:05:31	1	1	1	0
       137	2026-06-18 23:32:42	1	1	1	0
       134	2026-06-18 23:43:11	1	1	1	0
        92	2026-06-18 23:52:26	1	1	1	0
         8	2026-06-18 23:54:23	1	1	1	0
       112	2026-06-18 23:54:33	1	1	1	0
        26	2026-06-18 23:54:36	1	1	1	0
       107	2026-06-18 23:54:39	1	1	1	0
        53	2026-06-18 23:57:40	1	1	15	0
        56	2026-06-18 23:59:57	1	1	1	0
        14	2026-06-19 00:00:14	1	1	1	0
         5	2026-06-19 00:08:37	1	1	1	0
        13	2026-06-19 00:10:22	1	1	1	0
        73	2026-06-19 00:38:07	1	1	1	0
        19	2026-06-19 13:40:48	1	1	1	0
        13	2026-06-19 15:08:57	1	1	1	0
       105	2026-06-19 15:31:55	1	1	1	0
        61	2026-06-19 15:31:58	1	1	1	0
        16	2026-06-19 15:55:27	1	1	1	0
       101	2026-06-19 15:59:30	1	0	1	0
        73	2026-06-19 19:44:58	1	0	1	0
        90	2026-06-19 19:58:18	1	0	1	0
        19	2026-06-19 19:58:25	1	0	1	0
       134	2026-06-19 21:26:43	1	0	1	0
        14	2026-06-19 21:27:30	1	0	1	0
        16	2026-06-19 21:57:51	1	0	1	0
       101	2026-06-19 22:01:46	1	1	1	0
        61	2026-06-19 23:55:59	1	1	1	0
       105	2026-06-19 23:56:00	1	1	1	0
         5	2026-06-20 00:00:38	1	1	1	0
        13	2026-06-20 00:09:36	1	1	1	0
       134	2026-06-20 03:00:17	1	1	1	0
        90	2026-06-20 03:23:03	1	1	1	0
         9	2026-06-20 06:19:25	1	1	15	0
        26	2026-06-20 06:21:36	1	1	1	0
       112	2026-06-20 06:37:15	1	1	1	0
       128	2026-06-20 07:38:50	1	1	1	0
       106	2026-06-20 07:47:57	1	1	1	0
        73	2026-06-20 07:54:13	1	0	1	0
        37	2026-06-20 07:59:14	1	0	1	0
       104	2026-06-20 11:03:29	1	0	1	0
        98	2026-06-20 12:01:56	1	0	1	0
        37	2026-06-20 12:06:00	1	0	1	0
        19	2026-06-20 12:27:02	1	0	1	0
        40	2026-06-20 14:02:17	1	0	1	0
        14	2026-06-20 14:19:22	1	0	1	0
       138	2026-06-20 14:53:56	1	0	1	0
        16	2026-06-20 14:54:24	1	0	1	0
       112	2026-06-20 14:54:32	1	0	1	0
        26	2026-06-20 14:54:34	1	0	1	0
        24	2026-06-20 14:54:55	1	0	1	0
        92	2026-06-20 15:07:22	1	0	1	0
       107	2026-06-20 15:07:37	1	0	1	0
        41	2026-06-20 15:08:14	1	0	1	0
       137	2026-06-20 15:08:21	1	0	1	0
         8	2026-06-20 15:08:51	1	0	1	0
        13	2026-06-20 15:09:58	1	0	1	0
        77	2026-06-20 15:14:52	1	0	1	0
       122	2026-06-20 15:14:57	1	0	1	0
         9	2026-06-20 15:16:05	1	0	15	0
        21	2026-06-20 15:22:59	1	0	1	0
        72	2026-06-20 15:30:36	1	0	1	0
        56	2026-06-20 15:48:10	1	0	1	0
        73	2026-06-20 16:10:07	1	1	1	0
       106	2026-06-20 16:12:04	1	1	1	0
       134	2026-06-20 16:16:29	1	1	1	0
       133	2026-06-20 16:16:32	1	1	1	0
       135	2026-06-20 16:16:35	1	1	1	0
        25	2026-06-20 16:24:45	1	1	1	0
       127	2026-06-20 16:41:54	1	0	1	0
        37	2026-06-20 16:48:08	1	0	1	0
       128	2026-06-20 16:53:40	1	0	1	0
        39	2026-06-20 16:54:20	1	0	1	0
       123	2026-06-20 16:57:22	1	0	1	0
         7	2026-06-20 16:58:38	1	0	1	0
       109	2026-06-20 17:05:25	1	0	1	0
        91	2026-06-20 17:09:45	1	0	1	0
         4	2026-06-20 17:23:10	1	0	1	0
         3	2026-06-20 17:25:01	1	0	1	0
        53	2026-06-20 17:49:09	1	0	15	0
       104	2026-06-20 19:04:40	1	1	1	0
         3	2026-06-20 19:43:00	1	1	1	0
         7	2026-06-20 19:43:10	1	1	1	0
        25	2026-06-20 19:55:33	1	1	1	0
        90	2026-06-20 20:01:12	1	1	1	0
        19	2026-06-20 20:01:16	1	1	1	0
        98	2026-06-20 20:09:57	1	1	1	0
       135	2026-06-20 20:50:09	1	1	1	0
        91	2026-06-20 20:50:25	1	1	1	0
        37	2026-06-20 20:51:39	1	1	1	0
       109	2026-06-20 20:53:24	1	1	1	0
       123	2026-06-20 20:54:09	1	1	1	0
        39	2026-06-20 21:06:19	1	1	1	0
        14	2026-06-20 21:09:41	1	1	1	0
       133	2026-06-20 21:39:18	1	1	1	0
        72	2026-06-20 21:40:18	1	1	1	0
        40	2026-06-20 22:11:03	1	1	1	0
        16	2026-06-20 22:58:03	1	1	1	0
        24	2026-06-20 22:59:41	1	1	1	0
        21	2026-06-20 23:00:19	1	1	1	0
        77	2026-06-20 23:00:48	1	1	1	0
       127	2026-06-20 23:00:53	1	1	1	0
       122	2026-06-20 23:00:56	1	1	1	0
        41	2026-06-20 23:01:05	1	1	1	0
       138	2026-06-20 23:02:03	1	1	1	0
        53	2026-06-20 23:30:13	1	1	15	0
       137	2026-06-20 23:31:19	1	1	1	0
        55	2026-06-20 23:57:24	1	1	1	0
       107	2026-06-20 23:57:39	1	1	1	0
        92	2026-06-20 23:57:41	1	1	1	0
         8	2026-06-20 23:57:49	1	1	1	0
        13	2026-06-21 00:00:09	1	1	1	0
         5	2026-06-21 00:08:22	1	1	1	0
        56	2026-06-21 00:15:19	1	1	1	0
       134	2026-06-21 00:59:52	1	1	1	0
        90	2026-06-21 03:05:32	1	1	1	0
       105	2026-06-21 05:56:56	1	1	1	0
        61	2026-06-21 05:56:59	1	1	1	0
         9	2026-06-21 06:04:47	1	1	15	0
        13	2026-06-21 06:05:46	1	1	1	0
       128	2026-06-21 07:05:47	1	1	1	0
        37	2026-06-21 07:55:34	1	1	1	0
       106	2026-06-21 07:58:25	1	1	1	0
        73	2026-06-21 08:07:49	1	0	1	0
       104	2026-06-21 11:00:37	1	0	1	0
        82	2026-06-21 11:53:07	1	0	1	0
        37	2026-06-21 12:00:15	1	0	1	0
        19	2026-06-21 12:11:31	1	0	1	0
        98	2026-06-21 12:14:46	1	0	1	0
        73	2026-06-21 12:32:43	1	1	1	0
       101	2026-06-21 13:09:11	1	0	1	0
       137	2026-06-21 14:07:17	1	0	1	0
        40	2026-06-21 14:19:04	1	0	1	0
       138	2026-06-21 14:54:13	1	0	1	0
        16	2026-06-21 14:54:45	1	0	1	0
        14	2026-06-21 15:00:26	1	0	1	0
        92	2026-06-21 15:08:42	1	0	1	0
        55	2026-06-21 15:08:44	1	0	1	0
       107	2026-06-21 15:08:57	1	0	1	0
       112	2026-06-21 15:09:02	1	0	1	0
         8	2026-06-21 15:09:30	1	0	1	0
        24	2026-06-21 15:10:41	1	0	1	0
        26	2026-06-21 15:10:51	1	0	1	0
       105	2026-06-21 15:11:59	1	0	1	0
        61	2026-06-21 15:12:01	1	0	1	0
       122	2026-06-21 15:13:24	1	0	1	0
         9	2026-06-21 15:23:00	1	0	15	0
        56	2026-06-21 15:57:08	1	0	1	0
       106	2026-06-21 16:02:33	1	0	1	0
        41	2026-06-21 16:04:38	1	0	1	0
       128	2026-06-21 16:09:55	1	0	1	0
       134	2026-06-21 16:20:33	1	0	1	0
       135	2026-06-21 16:20:38	1	0	1	0
        21	2026-06-21 16:34:28	1	0	1	0
        72	2026-06-21 16:44:49	1	0	1	0
       133	2026-06-21 16:50:10	1	0	1	0
        39	2026-06-21 16:51:49	1	0	1	0
       127	2026-06-21 16:53:08	1	0	1	0
       123	2026-06-21 16:59:43	1	0	1	0
        37	2026-06-21 17:01:38	1	0	1	0
        91	2026-06-21 17:01:43	1	0	1	0
         7	2026-06-21 17:03:11	1	0	1	0
       109	2026-06-21 17:05:10	1	0	1	0
        73	2026-06-21 17:10:29	1	0	1	0
         4	2026-06-21 17:21:14	1	0	1	0
        25	2026-06-21 17:50:35	1	0	1	0
        53	2026-06-21 18:02:18	1	0	15	0
       104	2026-06-21 19:00:16	1	1	1	0
         7	2026-06-21 19:00:36	1	1	1	0
        82	2026-06-21 20:04:16	1	1	1	0
        19	2026-06-21 20:07:13	1	1	1	0
        98	2026-06-21 20:08:28	1	1	1	0
       109	2026-06-21 20:57:43	1	1	1	0
        91	2026-06-21 20:57:45	1	1	1	0
        37	2026-06-21 20:58:27	1	1	1	0
        25	2026-06-21 20:59:49	1	1	1	0
        40	2026-06-21 21:08:51	1	1	1	0
       135	2026-06-21 21:10:42	1	1	1	0
        72	2026-06-21 21:11:38	1	1	1	0
       123	2026-06-21 21:14:56	1	1	1	0
       127	2026-06-21 21:27:20	1	1	1	0
       101	2026-06-21 21:32:34	1	1	1	0
        39	2026-06-21 21:39:45	1	1	1	0
        73	2026-06-21 22:02:14	1	1	1	0
       133	2026-06-21 22:42:42	1	1	1	0
       133	2026-06-21 22:48:41	1	1	1	0
        16	2026-06-21 22:58:02	1	1	1	0
        24	2026-06-21 23:00:43	1	1	1	0
        41	2026-06-21 23:00:52	1	1	1	0
        14	2026-06-21 23:02:19	1	1	1	0
       122	2026-06-21 23:07:28	1	1	1	0
       138	2026-06-21 23:13:45	1	1	1	0
        53	2026-06-21 23:16:31	1	1	15	0
        21	2026-06-21 23:29:53	1	1	1	0
       137	2026-06-21 23:36:44	1	1	1	0
        92	2026-06-21 23:56:51	1	1	1	0
        56	2026-06-21 23:57:20	1	1	1	0
        55	2026-06-21 23:59:39	1	1	1	0
        26	2026-06-21 23:59:46	1	1	1	0
         8	2026-06-21 23:59:54	1	1	1	0
       112	2026-06-21 23:59:57	1	1	1	0
       107	2026-06-22 00:00:00	1	1	1	0
       134	2026-06-22 00:00:49	1	1	1	0
         5	2026-06-22 00:18:23	1	1	1	0
       105	2026-06-22 05:36:03	1	1	1	0
        61	2026-06-22 05:36:05	1	1	1	0
        13	2026-06-22 06:07:02	1	1	1	0
         9	2026-06-22 06:12:59	1	1	1	0
        40	2026-06-22 07:22:54	1	0	1	0
       128	2026-06-22 07:25:09	1	0	1	0
       106	2026-06-22 07:41:17	1	0	1	0
        37	2026-06-22 07:53:00	1	0	1	0
       101	2026-06-22 07:59:35	1	0	1	0
       104	2026-06-22 10:56:51	1	0	1	0
        82	2026-06-22 11:49:56	1	0	1	0
        37	2026-06-22 11:54:17	1	0	1	0
        98	2026-06-22 12:00:23	1	0	1	0
        19	2026-06-22 13:47:06	1	0	1	0
       137	2026-06-22 13:59:25	1	0	1	0
       138	2026-06-22 14:38:02	1	0	1	0
        16	2026-06-22 14:55:07	1	0	1	0
        13	2026-06-22 14:57:27	1	0	1	0
        61	2026-06-22 15:02:01	1	0	1	0
       105	2026-06-22 15:02:04	1	0	1	0
        77	2026-06-22 15:10:12	1	0	1	0
        24	2026-06-22 15:11:17	1	0	1	0
        92	2026-06-22 15:13:42	1	0	1	0
        55	2026-06-22 15:13:47	1	0	1	0
       107	2026-06-22 15:13:48	1	0	1	0
       112	2026-06-22 15:13:54	1	0	1	0
       122	2026-06-22 15:15:08	1	0	1	0
        14	2026-06-22 15:23:04	1	0	1	0
         9	2026-06-22 15:26:10	1	0	15	0
        26	2026-06-22 15:32:09	1	0	1	0
        21	2026-06-22 15:43:48	1	0	1	0
        40	2026-06-22 15:50:34	1	1	1	0
        56	2026-06-22 15:56:35	1	1	1	0
       106	2026-06-22 16:03:50	1	1	1	0
        41	2026-06-22 16:08:59	1	1	1	0
       101	2026-06-22 16:12:41	1	1	1	0
       128	2026-06-22 16:19:06	1	1	1	0
        72	2026-06-22 16:19:21	1	0	1	0
       134	2026-06-22 16:20:50	1	0	1	0
       135	2026-06-22 16:20:54	1	0	1	0
       133	2026-06-22 16:21:01	1	0	1	0
        25	2026-06-22 16:24:26	1	0	1	0
       127	2026-06-22 16:45:15	1	0	1	0
        53	2026-06-22 16:46:05	1	0	15	0
        39	2026-06-22 16:51:54	1	0	1	0
        37	2026-06-22 16:54:34	1	0	1	0
       123	2026-06-22 16:56:21	1	0	1	0
         7	2026-06-22 17:00:50	1	0	1	0
        91	2026-06-22 17:03:59	1	0	1	0
         4	2026-06-22 17:57:37	1	0	1	0
         7	2026-06-22 18:42:25	1	0	1	0
       104	2026-06-22 19:02:22	1	1	1	0
        25	2026-06-22 19:54:54	1	1	1	0
        19	2026-06-22 20:15:43	1	1	1	0
        98	2026-06-22 20:17:30	1	1	1	0
        90	2026-06-22 20:23:33	1	1	1	0
        91	2026-06-22 20:39:53	1	1	1	0
       123	2026-06-22 21:00:04	1	1	1	0
        82	2026-06-22 21:02:06	1	1	1	0
        72	2026-06-22 21:08:36	1	1	1	0
        37	2026-06-22 21:08:58	1	1	1	0
        14	2026-06-22 21:12:25	1	1	1	0
       127	2026-06-22 21:13:27	1	1	1	0
        39	2026-06-22 21:14:06	1	1	1	0
        16	2026-06-22 22:59:08	1	1	1	0
       138	2026-06-22 23:02:52	1	1	1	0
        24	2026-06-22 23:02:59	1	1	1	0
        77	2026-06-22 23:03:58	1	1	1	0
       122	2026-06-22 23:04:25	1	1	1	0
       135	2026-06-22 23:05:14	1	1	1	0
        41	2026-06-22 23:06:01	1	1	1	0
        21	2026-06-22 23:14:07	1	1	1	0
        53	2026-06-22 23:14:27	1	1	15	0
        92	2026-06-22 23:55:19	1	1	1	0
        26	2026-06-22 23:56:09	1	1	1	0
       112	2026-06-22 23:56:21	1	1	1	0
       107	2026-06-22 23:56:24	1	1	1	0
        55	2026-06-22 23:56:31	1	1	1	0
        56	2026-06-22 23:58:09	1	1	1	0
       137	2026-06-22 23:59:20	1	1	1	0
        13	2026-06-22 23:59:29	1	1	15	0
       133	2026-06-23 01:24:46	1	1	1	0
       105	2026-06-23 06:00:41	1	1	1	0
        61	2026-06-23 06:00:43	1	1	1	0
         9	2026-06-23 06:11:10	1	1	15	0
       128	2026-06-23 07:10:21	1	1	1	0
       106	2026-06-23 07:35:37	1	1	1	0
        73	2026-06-23 07:38:49	1	0	1	0
        37	2026-06-23 07:59:04	1	0	1	0
       104	2026-06-23 11:05:37	1	0	1	0
        37	2026-06-23 11:56:15	1	0	1	0
        98	2026-06-23 11:58:17	1	0	1	0
        82	2026-06-23 12:02:23	1	0	1	0
        73	2026-06-23 12:23:35	1	1	1	0
        19	2026-06-23 12:25:37	1	1	1	0
       101	2026-06-23 13:07:22	1	0	1	0
       137	2026-06-23 14:03:23	1	0	1	0
        40	2026-06-23 14:09:41	1	0	1	0
        24	2026-06-23 14:40:39	1	0	1	0
        16	2026-06-23 14:57:37	1	0	1	0
       105	2026-06-23 15:00:07	1	0	1	0
        61	2026-06-23 15:00:11	1	0	1	0
       138	2026-06-23 15:00:16	1	0	1	0
        14	2026-06-23 15:09:10	1	0	1	0
        26	2026-06-23 15:10:04	1	0	1	0
        77	2026-06-23 15:10:37	1	0	1	0
       122	2026-06-23 15:19:55	1	0	1	0
        92	2026-06-23 15:21:30	1	0	1	0
       107	2026-06-23 15:21:40	1	0	1	0
        55	2026-06-23 15:21:44	1	0	1	0
       112	2026-06-23 15:21:47	1	0	1	0
         9	2026-06-23 15:26:38	1	0	15	0
        41	2026-06-23 15:38:46	1	0	1	0
        21	2026-06-23 15:49:20	1	0	1	0
        56	2026-06-23 15:51:44	1	0	1	0
       106	2026-06-23 16:04:17	1	0	1	0
        25	2026-06-23 16:21:01	1	0	1	0
       128	2026-06-23 16:26:39	1	0	1	0
        72	2026-06-23 16:29:17	1	0	1	0
       133	2026-06-23 16:31:41	1	0	1	0
       135	2026-06-23 16:35:42	1	0	1	0
       127	2026-06-23 16:40:46	1	0	1	0
        73	2026-06-23 16:44:45	1	0	1	0
        91	2026-06-23 16:50:22	1	0	1	0
        37	2026-06-23 16:55:30	1	0	1	0
        39	2026-06-23 17:02:16	1	0	1	0
       123	2026-06-23 17:03:40	1	0	1	0
         4	2026-06-23 17:08:23	1	0	1	0
       109	2026-06-23 17:08:30	1	0	1	0
        53	2026-06-23 17:10:40	1	0	15	0
       104	2026-06-23 19:04:16	1	1	1	0
        19	2026-06-23 20:03:14	1	1	1	0
        82	2026-06-23 20:10:13	1	1	1	0
        98	2026-06-23 20:19:38	1	1	1	0
        91	2026-06-23 20:36:20	1	1	1	0
        40	2026-06-23 20:37:04	1	1	1	0
       133	2026-06-23 20:41:32	1	1	1	0
        25	2026-06-23 20:53:02	1	1	1	0
       109	2026-06-23 20:54:03	1	1	1	0
        37	2026-06-23 20:56:40	1	1	1	0
       127	2026-06-23 20:59:57	1	1	1	0
       135	2026-06-23 21:01:15	1	1	1	0
        39	2026-06-23 21:03:54	1	1	1	0
       123	2026-06-23 21:04:28	1	1	1	0
         8	2026-06-23 21:05:49	1	1	1	0
        72	2026-06-23 21:30:45	1	1	1	0
        14	2026-06-23 22:06:48	1	1	1	0
       101	2026-06-23 22:07:32	1	1	1	0
        41	2026-06-23 22:40:24	1	1	1	0
        16	2026-06-23 22:58:31	1	1	1	0
        24	2026-06-23 23:00:34	1	1	1	0
        77	2026-06-23 23:02:57	1	1	1	0
       122	2026-06-23 23:03:02	1	1	1	0
       138	2026-06-23 23:09:50	1	1	1	0
        21	2026-06-23 23:10:35	1	1	1	0
        53	2026-06-23 23:35:43	1	1	15	0
       137	2026-06-23 23:43:09	1	1	1	0
        92	2026-06-23 23:54:26	1	1	1	0
        56	2026-06-23 23:55:43	1	1	1	0
        55	2026-06-23 23:57:22	1	1	1	0
        26	2026-06-23 23:57:26	1	1	1	0
       112	2026-06-23 23:57:31	1	1	1	0
       107	2026-06-23 23:57:35	1	1	1	0
        13	2026-06-23 23:58:37	1	1	1	0
         5	2026-06-24 00:15:33	1	1	1	0
        13	2026-06-24 06:09:50	1	1	1	0
        61	2026-06-24 06:11:14	1	1	1	0
       105	2026-06-24 06:11:18	1	1	1	0
         9	2026-06-24 06:11:49	1	1	15	0
       128	2026-06-24 07:02:45	1	1	1	0
       106	2026-06-24 07:28:30	1	1	1	0
        37	2026-06-24 07:50:54	1	1	1	0
       101	2026-06-24 08:03:23	1	0	1	0
       104	2026-06-24 11:06:44	1	0	1	0
        19	2026-06-24 11:53:07	1	0	1	0
        82	2026-06-24 11:53:44	1	0	1	0
        37	2026-06-24 12:01:55	1	0	1	0
        98	2026-06-24 12:21:16	1	0	1	0
       137	2026-06-24 14:06:16	1	0	1	0
        40	2026-06-24 14:06:24	1	0	1	0
        73	2026-06-24 14:14:55	1	0	1	0
        14	2026-06-24 14:15:21	1	0	1	0
        24	2026-06-24 14:43:36	1	0	1	0
       138	2026-06-24 14:50:43	1	0	1	0
        16	2026-06-24 14:56:54	1	0	1	0
        21	2026-06-24 14:58:05	1	0	1	0
        26	2026-06-24 15:02:47	1	0	1	0
       105	2026-06-24 15:03:33	1	0	1	0
        61	2026-06-24 15:03:37	1	0	1	0
       122	2026-06-24 15:14:58	1	0	1	0
        77	2026-06-24 15:19:25	1	0	1	0
        92	2026-06-24 15:20:33	1	0	1	0
        55	2026-06-24 15:20:45	1	0	1	0
       107	2026-06-24 15:21:00	1	0	1	0
         8	2026-06-24 15:22:02	1	0	1	0
       112	2026-06-24 15:22:08	1	0	1	0
         9	2026-06-24 15:24:09	1	0	15	0
         7	2026-06-24 15:37:39	1	0	1	0
        56	2026-06-24 15:56:49	1	0	1	0
         5	2026-06-24 16:00:13	1	0	1	0
       106	2026-06-24 16:01:39	1	0	1	0
       101	2026-06-24 16:02:38	1	1	1	0
       135	2026-06-24 16:17:58	1	0	1	0
       128	2026-06-24 16:20:02	1	0	1	0
        25	2026-06-24 16:24:41	1	0	1	0
        72	2026-06-24 16:35:13	1	0	1	0
       127	2026-06-24 16:38:16	1	0	1	0
       123	2026-06-24 16:52:32	1	0	1	0
        91	2026-06-24 16:53:23	1	0	1	0
        39	2026-06-24 16:53:36	1	0	1	0
       109	2026-06-24 16:57:34	1	0	1	0
       133	2026-06-24 16:58:29	1	0	1	0
        37	2026-06-24 17:02:35	1	0	1	0
         3	2026-06-24 17:04:24	1	0	1	0
        53	2026-06-24 17:18:01	1	0	1	0
        41	2026-06-24 17:19:20	1	0	1	0
         4	2026-06-24 17:21:49	1	0	1	0
       104	2026-06-24 19:03:13	1	1	1	0
        19	2026-06-24 19:59:33	1	1	1	0
        82	2026-06-24 20:03:09	1	1	1	0
        98	2026-06-24 20:12:58	1	1	1	0
        90	2026-06-24 20:25:33	1	1	1	0
        91	2026-06-24 20:52:06	1	1	1	0
       135	2026-06-24 20:53:06	1	1	1	0
       133	2026-06-24 20:53:18	1	1	1	0
       109	2026-06-24 20:57:15	1	1	1	0
       123	2026-06-24 21:00:45	1	1	1	0
        37	2026-06-24 21:01:49	1	1	1	0
        25	2026-06-24 21:06:27	1	1	1	0
        39	2026-06-24 21:07:27	1	1	1	0
        72	2026-06-24 21:07:40	1	1	1	0
       127	2026-06-24 21:20:30	1	1	1	0
        40	2026-06-24 22:13:50	1	1	1	0
        14	2026-06-24 22:23:12	1	1	1	0
         7	2026-06-24 22:34:12	1	1	1	0
        16	2026-06-24 22:59:03	1	1	1	0
        77	2026-06-24 22:59:27	1	1	1	0
       122	2026-06-24 22:59:30	1	1	1	0
        24	2026-06-24 22:59:38	1	1	1	0
       138	2026-06-24 23:00:03	1	1	1	0
        21	2026-06-24 23:09:55	1	1	1	0
        92	2026-06-24 23:54:41	1	1	1	0
       107	2026-06-24 23:58:31	1	1	1	0
       112	2026-06-24 23:58:36	1	1	1	0
        26	2026-06-24 23:58:40	1	1	1	0
         8	2026-06-25 00:00:06	1	1	1	0
        56	2026-06-25 00:00:14	1	1	1	0
        53	2026-06-25 00:01:03	1	1	15	0
         5	2026-06-25 00:01:26	1	1	1	0
       137	2026-06-25 00:04:09	1	1	1	0
        90	2026-06-25 04:30:31	1	1	1	0
        13	2026-06-25 06:03:00	1	1	1	0
         9	2026-06-25 06:05:00	1	1	15	0
       105	2026-06-25 06:23:14	1	1	1	0
        61	2026-06-25 06:23:16	1	1	1	0
       106	2026-06-25 07:21:11	1	1	1	0
        73	2026-06-25 07:28:36	1	0	1	0
       128	2026-06-25 07:38:52	1	0	1	0
        40	2026-06-25 07:46:25	1	0	1	0
        37	2026-06-25 07:57:32	1	0	1	0
       104	2026-06-25 11:10:19	1	0	1	0
        82	2026-06-25 11:45:45	1	0	1	0
        37	2026-06-25 11:59:18	1	0	1	0
        19	2026-06-25 12:01:46	1	0	1	0
        98	2026-06-25 12:09:04	1	0	1	0
        73	2026-06-25 12:30:05	1	1	1	0
       137	2026-06-25 14:37:44	1	1	1	0
       138	2026-06-25 14:44:41	1	1	1	0
        16	2026-06-25 14:58:07	1	1	1	0
        24	2026-06-25 15:03:54	1	1	1	0
        77	2026-06-25 15:04:03	1	0	1	0
       105	2026-06-25 15:05:42	1	0	1	0
        61	2026-06-25 15:05:48	1	0	1	0
       122	2026-06-25 15:10:35	1	0	1	0
        41	2026-06-25 15:11:53	1	0	1	0
         8	2026-06-25 15:17:44	1	0	1	0
         9	2026-06-25 15:18:44	1	0	15	0
        26	2026-06-25 15:20:17	1	0	1	0
        55	2026-06-25 15:25:23	1	0	1	0
        92	2026-06-25 15:25:33	1	0	1	0
       107	2026-06-25 15:25:38	1	0	1	0
       112	2026-06-25 15:25:40	1	0	1	0
        21	2026-06-25 15:32:47	1	0	1	0
        56	2026-06-25 15:52:49	1	0	1	0
        40	2026-06-25 15:58:31	1	1	1	0
       106	2026-06-25 16:03:42	1	1	1	0
        37	2026-06-25 16:03:59	1	1	1	0
       134	2026-06-25 16:25:13	1	1	1	0
       135	2026-06-25 16:25:16	1	1	1	0
       128	2026-06-25 16:32:15	1	1	1	0
        14	2026-06-25 16:36:01	1	0	1	0
        25	2026-06-25 16:41:43	1	0	1	0
        73	2026-06-25 16:43:40	1	0	1	0
       127	2026-06-25 16:44:35	1	0	1	0
        72	2026-06-25 16:44:47	1	0	1	0
       133	2026-06-25 16:49:35	1	0	1	0
        39	2026-06-25 16:55:33	1	0	1	0
         7	2026-06-25 17:07:23	1	0	1	0
         3	2026-06-25 17:12:47	1	0	1	0
         4	2026-06-25 17:18:41	1	0	1	0
       109	2026-06-25 17:22:15	1	0	1	0
        53	2026-06-25 17:50:36	1	0	15	0
         3	2026-06-25 18:59:33	1	0	1	0
         7	2026-06-25 18:59:37	1	0	1	0
       104	2026-06-25 19:03:34	1	1	1	0
        19	2026-06-25 20:00:54	1	1	1	0
        82	2026-06-25 20:08:23	1	1	1	0
        98	2026-06-25 20:08:37	1	1	1	0
        37	2026-06-25 20:14:10	1	1	1	0
       135	2026-06-25 20:31:42	1	1	1	0
       109	2026-06-25 20:47:17	1	1	1	0
        72	2026-06-25 21:03:57	1	1	1	0
       101	2026-06-25 21:17:54	1	1	1	0
       127	2026-06-25 21:28:57	1	1	1	0
       133	2026-06-25 21:43:29	1	1	1	0
        14	2026-06-25 21:57:45	1	1	1	0
        39	2026-06-25 21:58:25	1	1	1	0
        25	2026-06-25 22:18:09	1	1	1	0
        16	2026-06-25 22:58:37	1	1	1	0
       138	2026-06-25 23:00:07	1	1	1	0
        24	2026-06-25 23:00:12	1	1	1	0
        77	2026-06-25 23:01:18	1	1	1	0
        21	2026-06-25 23:06:50	1	1	1	0
       122	2026-06-25 23:09:32	1	1	1	0
        53	2026-06-25 23:26:10	1	1	1	0
        41	2026-06-25 23:27:18	1	1	1	0
        92	2026-06-25 23:58:43	1	1	1	0
        26	2026-06-25 23:59:19	1	1	1	0
         8	2026-06-25 23:59:25	1	1	1	0
       107	2026-06-25 23:59:44	1	1	1	0
       112	2026-06-25 23:59:49	1	1	1	0
        56	2026-06-26 00:01:42	1	1	1	0
        13	2026-06-26 00:02:28	1	1	1	0
       137	2026-06-26 00:12:38	1	1	1	0
         5	2026-06-26 00:14:11	1	1	1	0
       134	2026-06-26 00:59:04	1	1	1	0
        19	2026-06-26 12:06:05	1	1	1	0
        13	2026-06-26 15:06:19	1	1	1	0
        61	2026-06-26 15:25:40	1	1	1	0
       101	2026-06-26 16:01:50	1	0	1	0
        73	2026-06-26 18:28:07	1	0	1	0
        19	2026-06-26 19:59:53	1	0	1	0
        90	2026-06-26 20:30:43	1	0	1	0
       101	2026-06-26 22:14:44	1	1	1	0
        61	2026-06-26 23:57:45	1	1	1	0
         5	2026-06-27 00:02:50	1	1	1	0
        73	2026-06-27 04:23:06	1	1	1	0
       133	2026-06-27 04:24:04	1	1	1	0
         9	2026-06-27 06:10:54	1	1	15	0
         8	2026-06-27 06:24:02	1	1	1	0
       112	2026-06-27 06:58:57	1	1	1	0
       106	2026-06-27 07:50:57	1	1	1	0
       128	2026-06-27 07:53:13	1	1	1	0
        37	2026-06-27 08:00:46	1	1	1	0
        73	2026-06-27 08:03:35	1	0	1	0
       104	2026-06-27 11:07:51	1	0	1	0
        82	2026-06-27 11:50:51	1	0	1	0
        19	2026-06-27 11:58:03	1	0	1	0
        98	2026-06-27 12:16:13	1	0	1	0
        40	2026-06-27 13:58:13	1	0	1	0
       138	2026-06-27 14:34:56	1	0	1	0
        16	2026-06-27 14:58:08	1	0	1	0
         8	2026-06-27 15:00:40	1	0	1	0
       112	2026-06-27 15:00:43	1	0	1	0
        24	2026-06-27 15:01:25	1	0	1	0
        92	2026-06-27 15:05:15	1	0	1	0
       107	2026-06-27 15:05:27	1	0	1	0
        55	2026-06-27 15:07:43	1	0	1	0
       137	2026-06-27 15:11:12	1	0	1	0
        13	2026-06-27 15:11:16	1	0	1	0
        26	2026-06-27 15:13:06	1	0	1	0
        41	2026-06-27 15:13:13	1	0	1	0
        77	2026-06-27 15:14:58	1	0	1	0
       122	2026-06-27 15:22:25	1	0	1	0
         9	2026-06-27 15:24:51	1	0	15	0
        73	2026-06-27 15:29:02	1	1	1	0
        14	2026-06-27 15:30:56	1	0	1	0
        56	2026-06-27 15:46:12	1	0	1	0
        21	2026-06-27 15:46:46	1	0	1	0
       106	2026-06-27 16:00:18	1	0	1	0
       128	2026-06-27 16:11:47	1	0	1	0
         3	2026-06-27 16:21:19	1	0	1	0
       135	2026-06-27 16:26:05	1	0	1	0
        25	2026-06-27 16:31:18	1	0	1	0
       134	2026-06-27 16:34:51	1	0	1	0
        39	2026-06-27 16:48:38	1	0	1	0
       127	2026-06-27 16:49:04	1	0	1	0
        72	2026-06-27 16:49:24	1	0	1	0
       133	2026-06-27 16:49:58	1	0	1	0
        91	2026-06-27 16:53:23	1	0	1	0
        53	2026-06-27 16:56:07	1	0	15	0
       123	2026-06-27 16:57:11	1	0	1	0
        37	2026-06-27 16:59:37	1	0	1	0
       109	2026-06-27 17:02:04	1	0	1	0
         7	2026-06-27 17:02:28	1	0	1	0
         4	2026-06-27 17:25:41	1	0	1	0
       104	2026-06-27 18:59:14	1	1	1	0
         7	2026-06-27 19:11:33	1	1	1	0
         3	2026-06-27 19:11:41	1	1	1	0
        19	2026-06-27 19:59:55	1	1	1	0
        82	2026-06-27 20:11:43	1	1	1	0
        25	2026-06-27 20:21:02	1	1	1	0
        90	2026-06-27 20:24:16	1	1	1	0
       135	2026-06-27 20:32:26	1	1	1	0
        98	2026-06-27 20:46:04	1	1	1	0
        91	2026-06-27 20:47:58	1	1	1	0
       123	2026-06-27 20:50:08	1	1	1	0
       109	2026-06-27 20:55:33	1	1	1	0
        39	2026-06-27 21:02:08	1	1	1	0
       127	2026-06-27 21:06:01	1	1	1	0
        72	2026-06-27 21:38:21	1	1	1	0
       134	2026-06-27 22:23:46	1	1	1	0
        40	2026-06-27 22:27:32	1	1	1	0
        16	2026-06-27 22:57:56	1	1	1	0
        24	2026-06-27 22:59:23	1	1	1	0
       138	2026-06-27 23:00:08	1	1	1	0
        77	2026-06-27 23:02:06	1	1	1	0
       122	2026-06-27 23:02:14	1	1	1	0
        41	2026-06-27 23:03:30	1	1	1	0
       137	2026-06-27 23:30:03	1	1	1	0
        21	2026-06-27 23:31:13	1	1	1	0
        56	2026-06-27 23:57:11	1	1	1	0
        53	2026-06-27 23:57:30	1	1	1	0
       107	2026-06-27 23:57:58	1	1	1	0
        26	2026-06-27 23:58:01	1	1	1	0
        92	2026-06-28 00:01:13	1	1	1	0
        55	2026-06-28 00:01:15	1	1	1	0
        14	2026-06-28 00:04:16	1	1	1	0
        90	2026-06-28 03:54:22	1	1	1	0
         9	2026-06-28 06:10:37	1	1	1	0
        13	2026-06-28 06:12:04	1	1	15	0
       105	2026-06-28 06:26:00	1	1	1	0
        61	2026-06-28 06:26:02	1	1	1	0
       128	2026-06-28 07:49:16	1	1	1	0
       106	2026-06-28 07:54:53	1	1	1	0
        37	2026-06-28 08:02:13	1	1	1	0
        73	2026-06-28 08:04:02	1	0	1	0
       104	2026-06-28 11:00:08	1	0	1	0
        98	2026-06-28 11:50:02	1	0	1	0
        19	2026-06-28 11:51:18	1	0	1	0
        82	2026-06-28 11:53:55	1	0	1	0
        37	2026-06-28 11:57:01	1	0	1	0
        73	2026-06-28 12:41:31	1	1	1	0
       101	2026-06-28 13:07:52	1	0	1	0
        40	2026-06-28 14:05:01	1	0	1	0
       138	2026-06-28 14:50:35	1	0	1	0
        16	2026-06-28 14:57:05	1	0	1	0
        14	2026-06-28 15:00:13	1	0	1	0
        41	2026-06-28 15:02:31	1	0	1	0
       122	2026-06-28 15:03:03	1	0	1	0
       137	2026-06-28 15:08:49	1	0	1	0
        24	2026-06-28 15:12:37	1	0	1	0
         8	2026-06-28 15:13:27	1	0	1	0
        77	2026-06-28 15:13:59	1	0	1	0
        92	2026-06-28 15:17:25	1	0	1	0
        55	2026-06-28 15:17:29	1	0	1	0
       107	2026-06-28 15:17:32	1	0	1	0
       112	2026-06-28 15:17:34	1	0	1	0
        61	2026-06-28 15:19:52	1	0	1	0
       105	2026-06-28 15:19:54	1	0	1	0
        21	2026-06-28 15:22:17	1	0	1	0
         9	2026-06-28 15:28:20	1	0	15	0
        26	2026-06-28 15:29:49	1	0	1	0
        56	2026-06-28 15:51:16	1	0	1	0
       106	2026-06-28 16:07:35	1	0	1	0
       128	2026-06-28 16:19:47	1	0	1	0
       135	2026-06-28 16:26:51	1	0	1	0
       133	2026-06-28 16:28:16	1	0	1	0
       134	2026-06-28 16:28:19	1	0	1	0
        25	2026-06-28 16:28:50	1	0	1	0
        72	2026-06-28 16:35:17	1	0	1	0
         7	2026-06-28 16:39:50	1	0	1	0
       127	2026-06-28 16:43:48	1	0	1	0
        39	2026-06-28 16:49:46	1	0	1	0
       123	2026-06-28 17:02:44	1	0	1	0
        53	2026-06-28 17:04:17	1	0	15	0
       109	2026-06-28 17:05:35	1	0	1	0
        91	2026-06-28 17:06:23	1	0	1	0
        37	2026-06-28 17:09:30	1	0	1	0
        73	2026-06-28 17:15:37	1	0	1	0
         4	2026-06-28 17:44:00	1	0	1	0
         3	2026-06-28 18:12:48	1	0	1	0
       104	2026-06-28 19:01:16	1	1	1	0
        98	2026-06-28 19:58:16	1	1	1	0
         7	2026-06-28 19:59:00	1	1	1	0
        19	2026-06-28 20:05:13	1	1	1	0
        90	2026-06-28 20:07:07	1	1	1	0
        91	2026-06-28 20:46:02	1	1	1	0
       109	2026-06-28 20:48:18	1	1	1	0
       123	2026-06-28 21:00:55	1	1	1	0
       101	2026-06-28 21:01:05	1	1	1	0
        37	2026-06-28 21:03:06	1	1	1	0
        39	2026-06-28 21:05:18	1	1	1	0
       127	2026-06-28 21:07:06	1	1	1	0
        14	2026-06-28 21:08:48	1	1	1	0
        82	2026-06-28 21:18:06	1	1	1	0
        25	2026-06-28 21:24:57	1	1	1	0
        72	2026-06-28 21:29:33	1	1	1	0
       135	2026-06-28 21:39:37	1	1	1	0
       134	2026-06-28 21:43:03	1	1	1	0
        40	2026-06-28 22:09:32	1	1	1	0
        16	2026-06-28 22:58:50	1	1	1	0
        77	2026-06-28 23:03:48	1	1	1	0
       122	2026-06-28 23:03:53	1	1	1	0
        24	2026-06-28 23:03:57	1	1	1	0
        41	2026-06-28 23:12:03	1	1	1	0
        21	2026-06-28 23:12:06	1	1	1	0
       138	2026-06-28 23:21:13	1	1	1	0
       133	2026-06-28 23:49:49	1	1	1	0
        73	2026-06-28 23:55:34	1	1	1	0
        92	2026-06-28 23:56:54	1	1	1	0
        55	2026-06-28 23:59:38	1	1	1	0
         8	2026-06-28 23:59:42	1	1	1	0
        26	2026-06-28 23:59:46	1	1	1	0
       107	2026-06-28 23:59:49	1	1	1	0
       112	2026-06-28 23:59:55	1	1	1	0
        56	2026-06-29 00:00:54	1	1	1	0
        90	2026-06-29 03:54:09	1	1	1	0
        13	2026-06-29 06:12:42	1	1	1	0
         9	2026-06-29 06:17:03	1	1	15	0
        61	2026-06-29 06:19:21	1	1	1	0
       105	2026-06-29 06:19:24	1	1	1	0
       128	2026-06-29 07:35:32	1	1	1	0
        40	2026-06-29 07:57:51	1	0	1	0
        37	2026-06-29 08:03:17	1	0	1	0
       101	2026-06-29 08:04:14	1	0	1	0
       106	2026-06-29 08:12:53	1	0	1	0
        37	2026-06-29 10:56:18	1	0	1	0
       104	2026-06-29 11:16:07	1	0	1	0
        19	2026-06-29 12:04:59	1	0	1	0
        82	2026-06-29 12:11:41	1	0	1	0
        98	2026-06-29 12:33:03	1	0	1	0
       137	2026-06-29 14:19:37	1	0	1	0
       138	2026-06-29 14:44:29	1	0	1	0
       122	2026-06-29 14:52:57	1	0	1	0
        16	2026-06-29 14:58:29	1	0	1	0
        24	2026-06-29 14:58:32	1	0	1	0
        77	2026-06-29 15:00:17	1	0	1	0
       105	2026-06-29 15:01:36	1	0	1	0
        61	2026-06-29 15:01:38	1	0	1	0
        26	2026-06-29 15:11:16	1	0	1	0
         9	2026-06-29 15:11:40	1	0	15	0
        14	2026-06-29 15:22:27	1	0	1	0
        92	2026-06-29 15:24:20	1	0	1	0
        55	2026-06-29 15:24:22	1	0	1	0
       107	2026-06-29 15:24:44	1	0	1	0
       112	2026-06-29 15:24:46	1	0	1	0
        41	2026-06-29 15:38:44	1	0	1	0
        56	2026-06-29 15:47:58	1	0	1	0
        21	2026-06-29 15:48:35	1	0	1	0
        72	2026-06-29 15:50:46	1	0	1	0
       128	2026-06-29 16:05:35	1	0	1	0
        40	2026-06-29 16:08:29	1	1	1	0
       101	2026-06-29 16:08:32	1	1	1	0
       106	2026-06-29 16:09:55	1	1	1	0
       134	2026-06-29 16:28:20	1	1	1	0
       135	2026-06-29 16:28:24	1	0	1	0
        25	2026-06-29 16:33:01	1	0	1	0
       127	2026-06-29 16:36:41	1	0	1	0
        91	2026-06-29 16:49:28	1	0	1	0
        39	2026-06-29 16:54:56	1	0	1	0
       133	2026-06-29 16:56:25	1	0	1	0
        37	2026-06-29 16:56:50	1	0	1	0
       109	2026-06-29 16:59:50	1	0	1	0
       123	2026-06-29 17:02:24	1	0	1	0
         7	2026-06-29 17:06:45	1	0	1	0
         3	2026-06-29 17:09:44	1	0	1	0
         4	2026-06-29 17:20:48	1	0	1	0
       104	2026-06-29 19:02:17	1	1	1	0
        73	2026-06-29 19:30:45	1	0	1	0
         7	2026-06-29 19:51:30	1	0	1	0
         3	2026-06-29 19:51:45	1	0	1	0
        19	2026-06-29 19:59:56	1	0	1	0
        90	2026-06-29 20:12:25	1	0	1	0
        82	2026-06-29 20:13:10	1	1	1	0
        98	2026-06-29 20:15:35	1	1	1	0
        91	2026-06-29 20:44:57	1	1	1	0
       135	2026-06-29 20:49:30	1	1	1	0
       123	2026-06-29 20:52:04	1	1	1	0
        25	2026-06-29 20:56:35	1	1	1	0
       133	2026-06-29 20:58:16	1	1	1	0
        72	2026-06-29 21:00:06	1	1	1	0
        14	2026-06-29 21:01:07	1	1	1	0
       109	2026-06-29 21:02:20	1	1	1	0
        37	2026-06-29 21:08:43	1	1	1	0
        39	2026-06-29 21:11:37	1	1	1	0
       127	2026-06-29 21:39:57	1	1	1	0
       122	2026-06-29 21:40:09	1	1	1	0
        77	2026-06-29 22:58:06	1	1	1	0
        16	2026-06-29 22:59:32	1	1	1	0
       138	2026-06-29 23:06:44	1	1	1	0
        24	2026-06-29 23:07:49	1	1	1	0
       137	2026-06-29 23:29:07	1	1	1	0
        41	2026-06-29 23:32:15	1	1	1	0
        73	2026-06-29 23:35:05	1	1	1	0
        21	2026-06-29 23:42:52	1	1	1	0
       134	2026-06-29 23:53:40	1	1	1	0
        92	2026-06-29 23:56:50	1	1	1	0
        56	2026-06-29 23:57:02	1	1	1	0
       112	2026-06-29 23:57:56	1	1	1	0
        26	2026-06-29 23:58:02	1	1	1	0
         8	2026-06-29 23:59:29	1	1	1	0
        55	2026-06-29 23:59:33	1	1	1	0
       107	2026-06-29 23:59:37	1	1	1	0
        13	2026-06-30 00:02:32	1	1	1	0
         5	2026-06-30 00:07:17	1	1	1	0
        90	2026-06-30 03:13:03	1	1	1	0
        13	2026-06-30 06:04:49	1	1	1	0
         9	2026-06-30 06:07:44	1	1	15	0
        61	2026-06-30 06:22:17	1	1	1	0
       105	2026-06-30 06:22:34	1	1	1	0
       106	2026-06-30 07:39:30	1	1	1	0
       128	2026-06-30 07:44:11	1	1	1	0
        73	2026-06-30 07:57:46	1	0	1	0
        37	2026-06-30 08:07:44	1	0	1	0
       104	2026-06-30 11:04:31	1	0	1	0
        82	2026-06-30 11:46:59	1	0	1	0
        19	2026-06-30 11:59:38	1	0	1	0
        37	2026-06-30 12:06:29	1	0	1	0
        98	2026-06-30 12:13:58	1	0	1	0
        73	2026-06-30 12:40:08	1	1	1	0
       101	2026-06-30 13:06:26	1	0	1	0
        40	2026-06-30 14:02:57	1	0	1	0
       128	2026-06-30 14:07:59	1	0	1	0
       138	2026-06-30 14:51:10	1	0	1	0
       122	2026-06-30 14:56:17	1	0	1	0
        77	2026-06-30 14:58:01	1	0	1	0
        16	2026-06-30 15:00:31	1	0	1	0
        24	2026-06-30 15:01:11	1	0	1	0
        61	2026-06-30 15:07:02	1	0	1	0
       105	2026-06-30 15:07:06	1	0	1	0
        41	2026-06-30 15:10:31	1	0	1	0
        92	2026-06-30 15:20:25	1	0	1	0
        55	2026-06-30 15:21:04	1	0	1	0
       107	2026-06-30 15:21:07	1	0	1	0
       112	2026-06-30 15:21:14	1	0	1	0
         8	2026-06-30 15:22:19	1	0	1	0
        26	2026-06-30 15:27:21	1	0	1	0
         9	2026-06-30 15:32:14	1	0	15	0
        56	2026-06-30 15:43:30	1	0	1	0
        14	2026-06-30 15:51:42	1	0	1	0
        91	2026-06-30 16:09:10	1	0	1	0
       106	2026-06-30 16:13:41	1	0	1	0
       134	2026-06-30 16:22:26	1	0	1	0
       135	2026-06-30 16:22:29	1	0	1	0
        72	2026-06-30 16:43:46	1	0	1	0
       127	2026-06-30 16:47:13	1	0	1	0
        73	2026-06-30 16:52:34	1	0	1	0
        21	2026-06-30 16:53:15	1	0	1	0
        25	2026-06-30 16:54:20	1	0	1	0
       109	2026-06-30 16:55:11	1	0	1	0
       133	2026-06-30 17:00:24	1	0	1	0
        37	2026-06-30 17:01:21	1	0	1	0
       123	2026-06-30 17:02:20	1	0	1	0
        39	2026-06-30 17:03:22	1	0	1	0
         3	2026-06-30 17:03:46	1	0	1	0
         7	2026-06-30 17:13:08	1	0	1	0
         4	2026-06-30 17:15:24	1	0	1	0
       104	2026-06-30 19:03:41	1	1	1	0
        90	2026-06-30 20:00:35	1	1	1	0
        82	2026-06-30 20:04:23	1	1	1	0
        19	2026-06-30 20:07:33	1	1	1	0
        98	2026-06-30 20:17:20	1	1	1	0
        91	2026-06-30 20:46:30	1	1	1	0
       109	2026-06-30 20:52:28	1	1	1	0
        39	2026-06-30 21:02:56	1	1	1	0
        37	2026-06-30 21:03:41	1	1	1	0
       123	2026-06-30 21:12:31	1	1	1	0
       133	2026-06-30 21:31:30	1	1	1	0
       127	2026-06-30 21:57:49	1	1	1	0
        72	2026-06-30 22:01:03	1	1	1	0
        25	2026-06-30 22:04:50	1	1	1	0
       135	2026-06-30 22:07:17	1	1	1	0
        40	2026-06-30 22:13:34	1	1	1	0
         7	2026-06-30 22:33:13	1	1	1	0
       101	2026-06-30 22:45:50	1	1	1	0
        16	2026-06-30 22:58:43	1	1	1	0
        77	2026-06-30 23:00:24	1	1	1	0
       122	2026-06-30 23:00:29	1	1	1	0
        24	2026-06-30 23:01:59	1	1	1	0
        41	2026-06-30 23:03:40	1	1	1	0
       138	2026-06-30 23:03:49	1	1	1	0
       134	2026-06-30 23:18:05	1	1	1	0
        14	2026-06-30 23:18:14	1	1	1	0
        21	2026-06-30 23:36:43	1	1	1	0
         8	2026-06-30 23:52:29	1	1	1	0
        56	2026-06-30 23:54:18	1	1	1	0
        92	2026-06-30 23:54:49	1	1	1	0
        26	2026-06-30 23:59:17	1	1	1	0
        55	2026-06-30 23:59:21	1	1	1	0
       107	2026-06-30 23:59:24	1	1	1	0
       112	2026-06-30 23:59:40	1	1	1	0
